2940000.0
240000.0
150000.0
2940000.0
2940066.6666666665
2301700.0
2940100.0
2940100.0
2940166.6666666665
180000.0
4325866.666666667
4333500.0
1100000.0
21000.0
74023.33333333333
78856.66666666667
280000.0
3400.0
3400.0
180000.0
1520000.0
63950.0
1288966.6666666667
54000.0
200000.0
520000.0
20996.666666666668
300000.0
1610000.0
170000.0
720000.0
46000.0
82003.33333333333
1360000.0
510000.0
100000.0
25000.0
320000.0
480000.0
210000.0
1659866.6666666667
87000.0
3300.0
330000.0
3599.6666666666665
620000.0
30996.666666666668
950000.0
190000.0
2930466.6666666665
799966.6666666666
220000.0
1520000.0
1520266.6666666667
610000.0
520000.0
260000.0
1520100.0
1520000.0
79986.66666666667
610000.0
610000.0
520000.0
1289600.0
600000.0
260000.0
330000.0
330000.0
300000.0
1100033.3333333333
22000.0
520000.0
600000.0
640033.3333333334
100000.0
550000.0
2690933.3333333335
150000.0
1269433.3333333333
1229966.6666666667
87993.33333333333
1360066.6666666667
1360000.0
1360000.0
1360000.0
1659500.0
1659900.0
670000.0
1659933.3333333333
150000.0
300000.0
720000.0
510000.0
2930500.0
799933.3333333334
420000.0
130000.0
450000.0
66046.66666666667
3500.0
920000.0
280000.0
1520000.0
590000.0
450000.0
420000.0
130000.0
660000.0
2641900.0
920000.0
920000.0
670000.0
1520000.0
1520266.6666666667
1520100.0
1520000.0
200000.0
530000.0
110000.0
43993.333333333336
590000.0
230000.0
470000.0
390000.0
390000.0
280000.0
390000.0
140000.0
220000.0
470000.0
260000.0
58010.0
380000.0
150000.0
520000.0
38006.666666666664
150000.0
74993.33333333333
310000.0
270000.0
3290000.0
3400.0
290000.0
1950000.0
3290000.0
1950000.0
140000.0
1950000.0
3290000.0
220000.0
420000.0
52980.0
26000.0
33996.666666666664
150000.0
3290000.0
3289600.0
3289600.0
3290300.0
11986.666666666666
680000.0
1950000.0
1950000.0
1950000.0
11990.0
13953.333333333334
11993.333333333334
1950000.0
2620200.0
340000.0
2620133.3333333335
2620300.0
340000.0
8011300.0
1469700.0
2620366.6666666665
2728500.0
310000.0
1430000.0
1430000.0
2945966.6666666665
2945466.6666666665
989966.6666666666
270000.0
320000.0
860000.0
59003.333333333336
480000.0
340000.0
3938800.0
2729100.0
2728666.6666666665
690000.0
1430000.0
1430000.0
130000.0
2729400.0
76003.33333333333
880000.0
1929833.3333333333
860000.0
460000.0
3937566.6666666665
3642433.3333333335
4067000.0
46000.0
280000.0
2690933.3333333335
3641033.3333333335
1100033.3333333333
3939766.6666666665
480000.0
860000.0
860000.0
600000.0
3002033.3333333335
51000.0
220000.0
2690633.3333333335
540000.0
1230000.0
490000.0
180000.0
1330066.6666666667
270000.0
1020166.6666666666
290000.0
370000.0
2139766.6666666665
43996.666666666664
620000.0
280000.0
140000.0
1169966.6666666667
240000.0
530000.0
160000.0
1000000.0
150000.0
8004466.666666667
1349900.0
3290300.0
240000.0
650000.0
510000.0
35996.666666666664
320000.0
420000.0
260000.0
909966.6666666666
160000.0
450000.0
330000.0
42990.0
320000.0
310000.0
1856433.3333333333
300000.0
950000.0
550000.0
150000.0
970000.0
300000.0
1760000.0
630000.0
1020100.0
120000.0
520000.0
909966.6666666666
1789766.6666666667
2489833.3333333335
1610000.0
390000.0
670000.0
1570566.6666666667
300000.0
25000.0
100000.0
1579366.6666666667
46000.0
510000.0
74013.33333333333
78856.66666666667
480000.0
330000.0
620000.0
3599.6666666666665
320000.0
210000.0
87000.0
300000.0
200000.0
20996.666666666668
3300.0
170000.0
280000.0
150000.0
610000.0
4062966.6666666665
1330066.6666666667
1229966.6666666667
260000.0
980000.0
2140366.6666666665
220000.0
640033.3333333334
100000.0
1169966.6666666667
460000.0
4527366.666666667
360000.0
2691433.3333333335
200000.0
1760000.0
440000.0
2905866.6666666665
1000000.0
8011200.0
250000.0
970000.0
949966.6666666666
390000.0
1220100.0
3293200.0
1812666.6666666667
2882633.3333333335
650000.0
350000.0
82003.33333333333
1659866.6666666667
310000.0
95000.0
72006.66666666667
480000.0
520000.0
670000.0
380000.0
4123000.0
610000.0
1350033.3333333333
240000.0
240000.0
670000.0
620000.0
1149933.3333333333
140000.0
150000.0
4064833.3333333335
260000.0
1040033.3333333334
1040000.0
26013.333333333332
120000.0
2940800.0
110000.0
4527366.666666667
1760033.3333333333
440000.0
7890900.0
7891000.0
8008733.333333333
1110000.0
37986.666666666664
12976.666666666666
26003.333333333332
1812766.6666666667
79986.66666666667
610000.0
4064200.0
4064900.0
1330066.6666666667
330000.0
2140100.0
27933.333333333332
2690733.3333333335
4528233.333333333
360000.0
730000.0
3939733.3333333335
280000.0
15996.666666666666
7902366.666666667
100000.0
720000.0
18936.666666666668
1929800.0
3290233.3333333335
910300.0
450000.0
29996.666666666668
510000.0
450000.0
400000.0
3178633.3333333335
460000.0
25003.333333333332
400000.0
910000.0
62996.666666666664
400000.0
61013.333333333336
1920033.3333333333
3178300.0
1339466.6666666667
42000.0
580000.0
120000.0
530000.0
650000.0
649966.6666666666
620000.0
90016.66666666667
480000.0
1170166.6666666667
510000.0
120000.0
1350000.0
520000.0
620000.0
620000.0
200000.0
960000.0
400000.0
3002333.3333333335
110000.0
3178666.6666666665
1060000.0
3008900.0
1040000.0
1507933.3333333333
380000.0
5201500.0
480000.0
35000.0
480000.0
1919766.6666666667
3178866.6666666665
61053.333333333336
120000.0
580000.0
650000.0
300000.0
2069300.0
630000.0
860000.0
60956.666666666664
22000.0
990000.0
950000.0
1360033.3333333333
1659900.0
550000.0
22000.0
1330133.3333333333
2139766.6666666665
1000000.0
3290133.3333333335
1020100.0
970000.0
949666.6666666666
510000.0
40000.0
320000.0
260000.0
56010.0
56010.0
4065400.0
799933.3333333334
260000.0
520000.0
1020166.6666666666
540000.0
510000.0
4525433.333333333
55010.0
300000.0
470000.0
56003.333333333336
3001800.0
1170033.3333333333
360000.0
3939733.3333333335
670000.0
280000.0
96063.33333333333
180000.0
100000.0
4139300.0
49993.333333333336
1360100.0
1360033.3333333333
1360033.3333333333
87993.33333333333
1289700.0
1659500.0
1659933.3333333333
1789733.3333333333
470000.0
330000.0
1269466.6666666667
420000.0
2490433.3333333335
2489666.6666666665
2492466.6666666665
240000.0
1579700.0
1579833.3333333333
260000.0
1789433.3333333333
1789833.3333333333
1789833.3333333333
1610000.0
69000.0
8007033.333333333
8007233.333333333
1969666.6666666667
720000.0
120000.0
4525700.0
1570566.6666666667
1570066.6666666667
670000.0
110000.0
35000.0
280000.0
1230000.0
230000.0
39996.666666666664
31960.0
1857400.0
730000.0
520000.0
140000.0
540000.0
88003.33333333333
440000.0
330000.0
300000.0
130000.0
310000.0
240000.0
850000.0
350000.0
3400.0
950000.0
3300.0
430000.0
30996.666666666668
110000.0
280000.0
190000.0
49000.0
49000.0
1110000.0
280000.0
600000.0
1040000.0
510000.0
100000.0
4525966.666666667
52000.0
1120000.0
280000.0
510000.0
660000.0
290000.0
670000.0
310000.0
470000.0
470000.0
86000.0
110000.0
1100000.0
1610000.0
43996.666666666664
300000.0
380000.0
73966.66666666667
300000.0
720000.0
320000.0
600000.0
470000.0
96860.0
530000.0
1060000.0
320000.0
2019533.3333333333
27906.666666666668
350000.0
1820133.3333333333
5214933.333333333
5204300.0
39093.333333333336
120000.0
3930266.6666666665
3930066.6666666665
1780100.0
1109866.6666666667
530000.0
1780366.6666666667
800000.0
410000.0
1481066.6666666667
29990.0
1469933.3333333333
3170000.0
200000.0
1330066.6666666667
85900.0
1680166.6666666667
660000.0
62000.0
99996.66666666667
819266.6666666666
270000.0
1010000.0
240000.0
180000.0
690000.0
749933.3333333334
38003.333333333336
270000.0
1699133.3333333333
240000.0
660000.0
1459966.6666666667
420000.0
750000.0
1330066.6666666667
360000.0
1680300.0
3422933.3333333335
2250200.0
1419866.6666666667
360000.0
4490566.666666667
2170333.3333333335
280000.0
510000.0
3400.0
340000.0
1559966.6666666667
1469600.0
240000.0
1698833.3333333333
660000.0
1020166.6666666666
1458800.0
420000.0
749933.3333333334
1419900.0
240000.0
74983.33333333333
3170100.0
3170133.3333333335
1680166.6666666667
1308633.3333333333
1139200.0
28013.333333333332
42993.333333333336
84000.0
290000.0
3300.0
3412600.0
170000.0
400000.0
180000.0
949900.0
99996.66666666667
540000.0
230000.0
31946.666666666668
38003.333333333336
450000.0
2050166.6666666667
1440366.6666666667
500000.0
250000.0
250000.0
1360233.3333333333
670000.0
1430033.3333333333
420000.0
38000.0
310000.0
829666.6666666666
3300.0
360000.0
1780266.6666666667
3621833.3333333335
480000.0
110000.0
320000.0
61030.0
48000.0
280000.0
370000.0
1539900.0
190000.0
300000.0
26000.0
64983.333333333336
270000.0
720000.0
450000.0
1150000.0
300000.0
690000.0
2630066.6666666665
380000.0
320000.0
500000.0
320000.0
350000.0
310000.0
450000.0
510000.0
3635666.6666666665
1200000.0
260000.0
150000.0
3640100.0
1760000.0
740033.3333333334
310000.0
2369733.3333333335
750000.0
240000.0
300000.0
300000.0
67983.33333333333
260000.0
490000.0
96910.0
460000.0
1030000.0
730000.0
3400.0
290000.0
2440100.0
1040000.0
530000.0
1760000.0
120000.0
1360266.6666666667
520000.0
1619400.0
9600000.0
560000.0
2579933.3333333335
350000.0
560000.0
270000.0
56900.0
280000.0
130000.0
1610000.0
92803.33333333333
300000.0
460000.0
240000.0
1800000.0
700000.0
1960066.6666666667
130000.0
200000.0
270000.0
130000.0
1000000.0
510000.0
440000.0
2469966.6666666665
330000.0
4490066.666666667
2789566.6666666665
480000.0
1870000.0
430000.0
860000.0
560000.0
1619866.6666666667
540000.0
530000.0
1010000.0
1760000.0
29003.333333333332
949866.6666666666
1480966.6666666667
1780133.3333333333
2301933.3333333335
1150000.0
120000.0
460000.0
3169833.3333333335
680033.3333333334
400000.0
1000000.0
1040033.3333333334
680033.3333333334
3455466.6666666665
330000.0
1040000.0
220000.0
510000.0
610000.0
550000.0
1360233.3333333333
2019866.6666666667
2019933.3333333333
1439833.3333333333
180000.0
710000.0
59893.333333333336
43000.0
1430066.6666666667
3410066.6666666665
450000.0
3410600.0
540000.0
230000.0
250000.0
710000.0
1430033.3333333333
99996.66666666667
510000.0
2580033.3333333335
9600000.0
3128866.6666666665
720000.0
3129400.0
1030000.0
47000.0
770000.0
730000.0
570000.0
220000.0
350000.0
86993.33333333333
1759500.0
740033.3333333334
240000.0
15926.666666666666
750066.6666666666
300000.0
18020.0
2478300.0
3640000.0
3640000.0
260000.0
460000.0
3625233.3333333335
2559833.3333333335
2039966.6666666667
3631900.0
3449200.0
2039900.0
42000.0
1610000.0
1389633.3333333333
970000.0
51000.0
3929833.3333333335
2286966.6666666665
2250333.3333333335
1109866.6666666667
690000.0
2629900.0
99996.66666666667
700000.0
1960066.6666666667
1520000.0
76003.33333333333
270000.0
1372100.0
800000.0
1089966.6666666667
450000.0
1969266.6666666667
250000.0
640000.0
1770366.6666666667
270000.0
280000.0
270000.0
400000.0
270000.0
1000000.0
2039900.0
320000.0
2560200.0
65000.0
2100500.0
280000.0
33996.666666666664
160000.0
749933.3333333334
540000.0
3500.0
1610000.0
300000.0
2019600.0
990033.3333333334
610000.0
2019966.6666666667
64006.666666666664
470000.0
860000.0
230000.0
88016.66666666667
2199733.3333333335
270000.0
1389800.0
970000.0
3300.0
1499966.6666666667
190000.0
530000.0
120000.0
2470533.3333333335
260000.0
390000.0
460000.0
690000.0
52003.333333333336
710000.0
92770.0
620000.0
1800100.0
560000.0
380000.0
71990.0
4490233.333333333
4490000.0
4490000.0
1619500.0
1619566.6666666667
500000.0
690000.0
1010000.0
140000.0
3170000.0
1780200.0
1149933.3333333333
300000.0
480000.0
2439933.3333333335
1040000.0
2469900.0
1000000.0
2469800.0
390000.0
330000.0
410000.0
1269333.3333333333
480000.0
480000.0
560000.0
49003.333333333336
1969233.3333333333
230000.0
1360066.6666666667
710000.0
710000.0
670000.0
1430100.0
420000.0
180000.0
2580066.6666666665
2580233.3333333335
99996.66666666667
2579566.6666666665
510000.0
2580033.3333333335
9600000.0
9600000.0
2580300.0
9600000.0
15920.0
230000.0
350000.0
35000.0
720000.0
3128433.3333333335
770000.0
1030000.0
1029966.6666666666
770000.0
770000.0
1760000.0
1760000.0
740000.0
220000.0
1760000.0
2369533.3333333335
749933.3333333334
3635200.0
490000.0
3640433.3333333335
3449866.6666666665
18906.666666666668
3606200.0
2039733.3333333333
450000.0
350000.0
30006.666666666668
3449533.3333333335
1389766.6666666667
1389866.6666666667
1610000.0
970000.0
1610000.0
970000.0
1610000.0
3930000.0
3929733.3333333335
2250300.0
2250433.3333333335
690000.0
2629700.0
2250266.6666666665
2250166.6666666665
1960066.6666666667
700000.0
1800133.3333333333
87006.66666666667
270000.0
1960100.0
2019500.0
2019933.3333333333
3930033.3333333335
120000.0
3300.0
54000.0
22940.0
540000.0
1481333.3333333333
69996.66666666667
1469433.3333333333
1629466.6666666667
31006.666666666668
500000.0
1610000.0
290000.0
1968866.6666666667
86000.0
47000.0
1440333.3333333333
2019966.6666666667
1360233.3333333333
310000.0
2469933.3333333335
90963.33333333333
2469966.6666666665
2370066.6666666665
970000.0
2019966.6666666667
1960066.6666666667
15996.666666666666
2580033.3333333335
1520000.0
3500.0
2369500.0
33996.666666666664
350000.0
240000.0
11990.0
160000.0
9600000.0
9600000.0
829600.0
3930833.3333333335
22000.0
490000.0
2199166.6666666665
1560000.0
390000.0
1559933.3333333333
1559966.6666666667
1559933.3333333333
1330066.6666666667
330000.0
2169400.0
899900.0
4490466.666666667
2169733.3333333335
2169900.0
3424466.6666666665
3423733.3333333335
120000.0
1597733.3333333333
1130600.0
1199933.3333333333
69000.0
22000.0
22000.0
770000.0
460000.0
3448800.0
2250366.6666666665
680033.3333333334
3128200.0
3410400.0
1499866.6666666667
1499866.6666666667
110000.0
82993.33333333333
330000.0
180000.0
330000.0
1610000.0
1610000.0
2790033.3333333335
3198333.3333333335
2795833.3333333335
400000.0
5653.333333333333
400000.0
400000.0
400000.0
140000.0
750000.0
36000.0
130000.0
130000.0
190000.0
1539900.0
18003.333333333332
1540066.6666666667
1539900.0
1539600.0
22000.0
970000.0
2050233.3333333333
2050166.6666666667
1770366.6666666667
54000.0
260000.0
540000.0
949633.3333333334
380000.0
380000.0
860000.0
440000.0
860000.0
440000.0
47000.0
670000.0
110000.0
450000.0
1371000.0
1780266.6666666667
1089966.6666666667
1969000.0
1969266.6666666667
690000.0
1870033.3333333333
690000.0
460000.0
2590333.3333333335
860000.0
560000.0
1870000.0
380000.0
2100533.3333333335
200000.0
320000.0
510000.0
1200000.0
1200000.0
1199766.6666666667
280000.0
37003.333333333336
190000.0
190000.0
720000.0
720000.0
1800000.0
2196833.3333333335
1680233.3333333333
2199666.6666666665
1799966.6666666667
1680233.3333333333
200000.0
2199366.6666666665
1749833.3333333333
74983.33333333333
860000.0
1749866.6666666667
210000.0
939266.6666666666
3503.0
82003.33333333333
170000.0
310000.0
3400.0
480000.0
48000.0
220000.0
47000.0
580000.0
1750033.3333333333
480000.0
1500066.6666666667
240000.0
1499966.6666666667
480000.0
480000.0
939366.6666666666
220000.0
140000.0
72000.0
49993.333333333336
310000.0
120000.0
47000.0
510000.0
290000.0
31973.333333333332
78913.33333333333
310000.0
860000.0
230000.0
33996.666666666664
860000.0
400000.0
3300.0
21000.0
48000.0
220000.0
220000.0
99996.66666666667
580000.0
480000.0
300000.0
3300.0
150000.0
200000.0
300000.0
860000.0
3300.0
710000.0
3500.0
210000.0
56946.666666666664
36003.333333333336
1149933.3333333333
300000.0
1089966.6666666667
710000.0
710000.0
1150000.0
1090000.0
300000.0
170000.0
270000.0
1150000.0
18003.333333333332
92816.66666666667
600000.0
1590366.6666666667
310000.0
1010000.0
3009033.3333333335
1120000.0
130000.0
410000.0
74000.0
3009266.6666666665
64983.333333333336
160000.0
630000.0
1010000.0
53990.0
46000.0
300000.0
1220100.0
130000.0
110000.0
170000.0
47000.0
1919800.0
939400.0
1500066.6666666667
69000.0
3500.0
20990.0
800000.0
860000.0
400000.0
250000.0
1020166.6666666666
510000.0
270000.0
630000.0
49000.0
34000.0
1150033.3333333333
1531566.6666666667
1150000.0
480000.0
580000.0
160000.0
490000.0
140000.0
71000.0
84026.66666666667
99016.66666666667
410000.0
22000.0
540000.0
849966.6666666666
480000.0
330000.0
580000.0
600000.0
170000.0
1349933.3333333333
1350033.3333333333
350000.0
350000.0
290000.0
99113.33333333333
260000.0
300000.0
320000.0
510000.0
88943.33333333333
110000.0
300000.0
240000.0
410000.0
84000.0
370000.0
280000.0
730000.0
340000.0
320000.0
430000.0
92886.66666666667
820100.0
300000.0
360000.0
170000.0
570000.0
320000.0
470000.0
440000.0
96043.33333333333
110000.0
310000.0
93933.33333333333
812000.0
310000.0
130000.0
290000.0
140000.0
300000.0
440000.0
110000.0
1659800.0
320000.0
120000.0
230000.0
1638833.3333333333
350000.0
1010000.0
1439966.6666666667
38003.333333333336
1639466.6666666667
510000.0
9600000.0
9600000.0
1639266.6666666667
9600000.0
400000.0
3303333.3333333335
520000.0
2650233.3333333335
120000.0
110000.0
570000.0
520000.0
1160400.0
839900.0
520000.0
1659866.6666666667
300000.0
1659866.6666666667
630000.0
9600000.0
150000.0
350000.0
210000.0
9600000.0
260000.0
689966.6666666666
98996.66666666667
1060033.3333333333
330000.0
590000.0
990000.0
330000.0
64013.333333333336
210000.0
2069966.6666666667
2069866.6666666667
740000.0
2069833.3333333333
480000.0
1000000.0
590000.0
330000.0
38003.333333333336
420000.0
989933.3333333334
49996.666666666664
110000.0
740000.0
300000.0
1150000.0
500000.0
3400.0
200000.0
1000000.0
370000.0
690000.0
590000.0
120000.0
470000.0
49993.333333333336
43996.666666666664
1910000.0
1910000.0
82000.0
1910000.0
1910000.0
1910000.0
1910000.0
1910000.0
670000.0
79986.66666666667
1910000.0
1910000.0
280000.0
680033.3333333334
1550100.0
260000.0
1910000.0
71000.0
2479866.6666666665
1910033.3333333333
53996.666666666664
52013.333333333336
1910000.0
1549833.3333333333
1910000.0
1910000.0
3737366.6666666665
270000.0
2589666.6666666665
1150000.0
47000.0
500000.0
2589800.0
979966.6666666666
3300.0
2589733.3333333335
2589733.3333333335
540000.0
150000.0
1570000.0
370000.0
200000.0
380000.0
1799966.6666666667
1639566.6666666667
3500.0
480000.0
370000.0
1010000.0
1149933.3333333333
3263200.0
290000.0
949966.6666666666
380000.0
1030000.0
1520000.0
460000.0
99140.0
260000.0
1579800.0
110000.0
390000.0
250000.0
970000.0
2479900.0
1570533.3333333333
350000.0
670000.0
4024133.3333333335
120000.0
1550000.0
370000.0
1570033.3333333333
1579400.0
120000.0
2479333.3333333335
130000.0
1579700.0
970000.0
150000.0
430000.0
970000.0
980033.3333333334
970000.0
460000.0
1520266.6666666667
1150000.0
1520000.0
1520100.0
400000.0
1059966.6666666667
400000.0
1030000.0
33993.333333333336
860000.0
160000.0
18903.333333333332
970000.0
69996.66666666667
970000.0
260000.0
18003.333333333332
35000.0
98996.66666666667
84016.66666666667
200000.0
52000.0
280000.0
32990.0
3930066.6666666665
360000.0
4157033.3333333335
3801.0
799966.6666666666
819266.6666666666
530000.0
93903.33333333333
3813.6666666666665
1149933.3333333333
5218866.666666667
1800133.3333333333
3673666.6666666665
39000.0
360000.0
3673900.0
99113.33333333333
40000.0
320000.0
320000.0
5221066.666666667
5221066.666666667
799933.3333333334
220000.0
51000.0
160000.0
3930033.3333333335
3930866.6666666665
380000.0
18003.333333333332
1599700.0
390000.0
49993.333333333336
1650233.3333333333
1649933.3333333333
829500.0
1599600.0
64990.0
280000.0
1910000.0
33993.333333333336
1910000.0
1910000.0
280000.0
320000.0
580000.0
1910000.0
580000.0
1910000.0
1910000.0
3400.0
580000.0
3747200.0
230000.0
3758900.0
3758100.0
3758333.3333333335
3757566.6666666665
3757400.0
3757333.3333333335
57990.0
52960.0
9600000.0
9600000.0
250000.0
110000.0
9600000.0
53996.666666666664
470000.0
1760033.3333333333
1080100.0
88000.0
180000.0
310000.0
849966.6666666666
54000.0
21000.0
210000.0
1030000.0
919966.6666666666
1400400.0
960000.0
700000.0
330000.0
2910933.3333333335
120000.0
370000.0
41993.333333333336
1100000.0
360000.0
310000.0
490000.0
620000.0
66053.33333333333
740000.0
110000.0
3692800.0
3500.0
510000.0
380000.0
330000.0
33993.333333333336
1349966.6666666667
300000.0
66000.0
140000.0
310000.0
660000.0
120000.0
170000.0
450000.0
85996.66666666667
3600.0
200000.0
460000.0
480000.0
25000.0
330000.0
3290000.0
320000.0
3400.0
450000.0
580000.0
110000.0
1010000.0
770000.0
400000.0
340000.0
310000.0
780066.6666666666
100000.0
390000.0
290000.0
130000.0
150000.0
190000.0
310000.0
990033.3333333334
480000.0
759966.6666666666
62990.0
310000.0
440000.0
230000.0
770000.0
989966.6666666666
360000.0
270000.0
700000.0
310000.0
160000.0
1040000.0
300000.0
310000.0
520000.0
3400.0
930033.3333333334
3400.0
310000.0
310000.0
1950000.0
300000.0
90963.33333333333
600000.0
1369800.0
280000.0
220000.0
460000.0
340000.0
3300.0
3290000.0
1950000.0
5457800.0
260000.0
1010000.0
1010000.0
160000.0
1760000.0
1760000.0
1760000.0
330000.0
35000.0
110000.0
1826133.3333333333
2910866.6666666665
2909600.0
320000.0
320000.0
80006.66666666667
170000.0
960000.0
1619933.3333333333
700000.0
700000.0
110000.0
1400000.0
100000.0
700000.0
490000.0
46000.0
66046.66666666667
47000.0
770000.0
1399766.6666666667
1399800.0
340000.0
72976.66666666667
150000.0
790233.3333333334
41996.666666666664
84000.0
2289233.3333333335
310000.0
270000.0
660000.0
1350033.3333333333
1849866.6666666667
1849866.6666666667
60953.333333333336
450000.0
400000.0
780066.6666666666
1688900.0
490000.0
390000.0
290000.0
110000.0
920066.6666666666
48000.0
120000.0
190000.0
3290000.0
3290000.0
1531766.6666666667
450000.0
3289600.0
3289600.0
28940.0
3290300.0
100000.0
11990.0
51000.0
580000.0
230000.0
1950000.0
52006.666666666664
1950000.0
1950000.0
22000.0
1950000.0
13953.333333333334
310000.0
710000.0
18966.666666666668
600000.0
11996.666666666666
600000.0
1950000.0
37000.0
100000.0
450000.0
990000.0
310000.0
310000.0
590000.0
989966.6666666666
280000.0
67006.66666666667
270000.0
760033.3333333334
480000.0
49003.333333333336
67973.33333333333
98966.66666666667
460000.0
460000.0
640033.3333333334
32976.666666666664
930066.6666666666
520000.0
989966.6666666666
989933.3333333334
770000.0
700000.0
700000.0
3959.3333333333335
980066.6666666666
980000.0
52006.666666666664
200000.0
740000.0
160000.0
1369800.0
460000.0
1370733.3333333333
1470033.3333333333
1470033.3333333333
570000.0
2939766.6666666665
46000.0
330000.0
42996.666666666664
380000.0
1507900.0
330000.0
420000.0
799966.6666666666
38000.0
1507966.6666666667
2970000.0
2970000.0
36016.666666666664
770000.0
310000.0
2969900.0
2969900.0
83000.0
82996.66666666667
2971666.6666666665
1440666.6666666667
1440233.3333333333
2970266.6666666665
2969966.6666666665
770000.0
2969966.6666666665
1030000.0
2969833.3333333335
100000.0
290000.0
759866.6666666666
200000.0
480000.0
180000.0
320000.0
370000.0
1250000.0
160000.0
49993.333333333336
1250000.0
76013.33333333333
720000.0
250000.0
1840066.6666666667
310000.0
82000.0
46000.0
140000.0
3600.3333333333335
1030000.0
1249933.3333333333
170000.0
170000.0
20003.333333333332
1610000.0
1250000.0
180000.0
1610000.0
1010000.0
2040033.3333333333
210000.0
170000.0
570000.0
31003.333333333332
77966.66666666667
2039166.6666666667
26006.666666666668
720000.0
1839933.3333333333
18010.0
1840033.3333333333
480000.0
670000.0
670000.0
480000.0
1610000.0
610000.0
23016.666666666668
1250000.0
170000.0
1249966.6666666667
320000.0
170000.0
1609933.3333333333
720000.0
170000.0
46000.0
360000.0
200000.0
140000.0
25003.333333333332
370000.0
3400.0
85996.66666666667
1910000.0
260000.0
1870033.3333333333
1870000.0
3400.0
110000.0
1760033.3333333333
360000.0
210000.0
340000.0
120000.0
520000.0
320000.0
670000.0
670000.0
520000.0
13003.333333333334
480000.0
730000.0
660000.0
31970.0
110000.0
1280200.0
400000.0
480000.0
44000.0
1010000.0
1280033.3333333333
1010000.0
340000.0
1100000.0
320000.0
32996.666666666664
26006.666666666668
260000.0
35000.0
1010000.0
260000.0
1280100.0
1010000.0
1279933.3333333333
170000.0
270000.0
690000.0
170000.0
210000.0
1760000.0
1760000.0
1760000.0
480000.0
1010000.0
210000.0
730000.0
15996.666666666666
1470033.3333333333
280000.0
41996.666666666664
300000.0
770000.0
770000.0
770000.0
310000.0
260000.0
370000.0
1010000.0
1100033.3333333333
1100033.3333333333
57993.333333333336
250000.0
100000.0
690000.0
560000.0
170000.0
130000.0
3500.0
3500.0
150000.0
2139733.3333333335
230000.0
120000.0
1010000.0
3400.0
750000.0
1010000.0
1910000.0
1519933.3333333333
1100000.0
310000.0
750000.0
100000.0
460000.0
320000.0
710000.0
710000.0
710000.0
24020.0
19963.333333333332
320000.0
52003.333333333336
96110.0
530000.0
320000.0
3400.0
330000.0
100000.0
190000.0
190000.0
230000.0
330000.0
110000.0
110000.0
390000.0
67973.33333333333
130000.0
839966.6666666666
450000.0
380000.0
1030000.0
2629666.6666666665
61043.333333333336
1250000.0
310000.0
1000000.0
280000.0
1989766.6666666667
100000.0
49996.666666666664
3855100.0
800000.0
800000.0
3400.0
220000.0
330000.0
380000.0
470000.0
260000.0
530000.0
330000.0
340000.0
84026.66666666667
3800.6666666666665
33996.666666666664
240000.0
140000.0
38003.333333333336
170000.0
400000.0
42990.0
350000.0
710000.0
949633.3333333334
520000.0
78860.0
48000.0
500000.0
110000.0
380000.0
2930400.0
1040100.0
1188733.3333333333
780066.6666666666
570000.0
610000.0
1029933.3333333334
610000.0
710000.0
54000.0
1030000.0
1110000.0
1380000.0
2930400.0
380000.0
3300.0
3300.0
220000.0
3856100.0
1040000.0
1250000.0
380000.0
73956.66666666667
99116.66666666667
2629733.3333333335
2363533.3333333335
1250000.0
1000000.0
25000.0
3856600.0
1882733.3333333333
550000.0
87000.0
640033.3333333334
640000.0
460000.0
590000.0
320000.0
1030000.0
520000.0
82000.0
710000.0
610000.0
130000.0
160000.0
500000.0
110000.0
600000.0
1030000.0
1090000.0
110000.0
310000.0
54000.0
1110000.0
160000.0
320000.0
300000.0
1379700.0
310000.0
110000.0
43996.666666666664
2930266.6666666665
2930366.6666666665
3500.0
780066.6666666666
780066.6666666666
110000.0
1040000.0
540000.0
33996.666666666664
99146.66666666667
2734066.6666666665
72000.0
1559933.3333333333
380000.0
680033.3333333334
360000.0
1060000.0
100000.0
750000.0
350000.0
210000.0
49993.333333333336
1220200.0
120000.0
989900.0
650000.0
1570066.6666666667
390000.0
430000.0
41026.666666666664
40000.0
1560000.0
1559933.3333333333
380000.0
380000.0
1060000.0
1059966.6666666667
1060000.0
750000.0
140000.0
22973.333333333332
33003.333333333336
570000.0
600000.0
989966.6666666666
350000.0
989966.6666666666
1570033.3333333333
1570133.3333333333
430000.0
340000.0
240000.0
380000.0
100000.0
220000.0
150000.0
140000.0
480000.0
540000.0
81000.0
3300.0
350000.0
69993.33333333333
989966.6666666666
88993.33333333333
67006.66666666667
16610.0
570000.0
600000.0
1559966.6666666667
310000.0
600000.0
3400.0
390000.0
430000.0
46000.0
3300.0
150000.0
100000.0
3300.0
320000.0
1150000.0
59080.0
1199800.0
960000.0
680033.3333333334
310000.0
750000.0
210000.0
45000.0
1419933.3333333333
950000.0
120000.0
1570000.0
79943.33333333333
600000.0
72000.0
1610000.0
370000.0
210000.0
580000.0
1610000.0
650000.0
410000.0
450000.0
290000.0
440000.0
1149933.3333333333
81000.0
1669000.0
810200.0
280000.0
370000.0
370000.0
370000.0
33996.666666666664
46000.0
360000.0
47000.0
320000.0
200000.0
260000.0
3300.0
350000.0
12993.333333333334
2690000.0
220000.0
1200000.0
24033.333333333332
71000.0
1150033.3333333333
1150000.0
1149966.6666666667
2690433.3333333335
3998500.0
1059966.6666666667
21000.0
990000.0
2068800.0
290000.0
71996.66666666667
1430000.0
440000.0
100000.0
2690133.3333333335
2690000.0
1479566.6666666667
46000.0
100000.0
74996.66666666667
380000.0
380000.0
35996.666666666664
80993.33333333333
960000.0
1610033.3333333333
320000.0
450000.0
990000.0
550000.0
989966.6666666666
230000.0
36016.666666666664
150000.0
1470033.3333333333
1470066.6666666667
350000.0
140000.0
22010.0
520000.0
370000.0
230000.0
510000.0
510000.0
47000.0
1419833.3333333333
949666.6666666666
290000.0
290000.0
1120000.0
1120000.0
1699066.6666666667
280000.0
35000.0
1698866.6666666667
120000.0
220000.0
41020.0
1609933.3333333333
1610000.0
580000.0
550000.0
1610000.0
330000.0
550000.0
580000.0
1609933.3333333333
610000.0
610000.0
610000.0
990000.0
370000.0
450000.0
2690833.3333333335
3400.0
450000.0
15030.0
44996.666666666664
35996.666666666664
1408766.6666666667
410000.0
360000.0
320000.0
200000.0
200000.0
200000.0
87006.66666666667
140000.0
360000.0
300000.0
3400.0
1200000.0
320000.0
280000.0
230000.0
110000.0
130000.0
35000.0
710000.0
710000.0
160000.0
150000.0
280000.0
180000.0
1200000.0
1199933.3333333333
1200000.0
45000.0
180000.0
520000.0
67006.66666666667
1910000.0
3400.0
59003.333333333336
420000.0
120000.0
420000.0
120000.0
670000.0
530000.0
530000.0
5222166.666666667
3671166.6666666665
900000.0
900000.0
240000.0
310000.0
370000.0
1308666.6666666667
82000.0
48000.0
280000.0
970000.0
1610000.0
829333.3333333334
410000.0
460000.0
490000.0
1169833.3333333333
919933.3333333334
990000.0
230000.0
880000.0
5537633.333333333
3400.0
2609766.6666666665
1040000.0
39923.333333333336
570000.0
500000.0
500000.0
540000.0
5218433.333333333
600000.0
600000.0
1659866.6666666667
14923.333333333334
2785966.6666666665
250000.0
919933.3333333334
1169766.6666666667
3257500.0
1459200.0
2479833.3333333335
110000.0
5234200.0
250000.0
5226900.0
410000.0
829500.0
180000.0
600000.0
37020.0
1040000.0
2609966.6666666665
1089500.0
2609900.0
400000.0
1630000.0
180000.0
1629766.6666666667
350000.0
350000.0
330000.0
260000.0
22000.0
1200000.0
880000.0
2619533.3333333335
1199966.6666666667
880066.6666666666
3991800.0
970000.0
3991066.6666666665
5526766.666666667
5527033.333333333
5538433.333333333
450000.0
210000.0
919966.6666666666
1169933.3333333333
490000.0
430000.0
430000.0
430000.0
180000.0
919966.6666666666
990000.0
5565866.666666667
1040133.3333333334
2629600.0
1030000.0
310000.0
300000.0
160000.0
320000.0
82000.0
130000.0
610000.0
160000.0
900000.0
320000.0
470000.0
54000.0
1160433.3333333333
1160366.6666666667
54000.0
3400.0
270000.0
380000.0
33993.333333333336
600000.0
600000.0
3198700.0
520000.0
170000.0
300000.0
490000.0
210000.0
670000.0
3198300.0
1870166.6666666667
720000.0
340000.0
2629533.3333333335
310000.0
1029933.3333333334
710000.0
35000.0
66966.66666666667
530000.0
29006.666666666668
1090000.0
110000.0
1030000.0
570000.0
710000.0
44996.666666666664
610000.0
550000.0
550000.0
610000.0
550000.0
1380033.3333333333
18923.333333333332
1089966.6666666667
470000.0
1379266.6666666667
3391133.3333333335
3390333.3333333335
3390600.0
900000.0
900000.0
100000.0
310000.0
660000.0
290000.0
310000.0
310000.0
660000.0
290000.0
440000.0
750000.0
520000.0
310000.0
1120000.0
3300.0
1256233.3333333333
860000.0
200000.0
330000.0
1200000.0
450000.0
790166.6666666666
280000.0
150000.0
330000.0
49000.0
310000.0
290000.0
230000.0
950000.0
660000.0
150000.0
1256866.6666666667
2015833.3333333333
330000.0
660000.0
320000.0
200000.0
630000.0
490000.0
650000.0
140000.0
1330233.3333333333
400000.0
1070000.0
260000.0
750000.0
520000.0
750000.0
210000.0
1120000.0
1120000.0
28996.666666666668
52966.666666666664
360000.0
330000.0
1200000.0
1200000.0
3500.0
1199933.3333333333
630000.0
790133.3333333334
230000.0
230000.0
1199766.6666666667
2419300.0
42990.0
150000.0
180000.0
860000.0
2013700.0
350000.0
37000.0
650000.0
490000.0
2419833.3333333335
280000.0
69000.0
150000.0
150000.0
330000.0
660000.0
1330233.3333333333
1070000.0
1069966.6666666667
1030000.0
110000.0
800000.0
220000.0
1800000.0
280000.0
26000.0
84000.0
310000.0
3300.0
300000.0
3199266.6666666665
3199800.0
3199800.0
3197666.6666666665
3199733.3333333335
3198466.6666666665
3199066.6666666665
3199733.3333333335
3199433.3333333335
560000.0
21000.0
810000.0
560000.0
28996.666666666668
4339933.333333333
290000.0
500000.0
300000.0
260000.0
110000.0
410000.0
56033.333333333336
300000.0
170000.0
47000.0
370000.0
39000.0
110000.0
290000.0
3897.6666666666665
330000.0
290000.0
270000.0
420000.0
100000.0
150000.0
86996.66666666667
200000.0
170000.0
310000.0
260000.0
3300.0
1910366.6666666667
1910033.3333333333
550000.0
860000.0
2369900.0
180000.0
370000.0
250000.0
860000.0
820400.0
56920.0
550000.0
31013.333333333332
550000.0
18913.333333333332
96036.66666666667
42996.666666666664
300000.0
49000.0
34000.0
4339533.333333333
120000.0
2369233.3333333335
2369766.6666666665
300000.0
2370433.3333333335
2370666.6666666665
96013.33333333333
4339966.666666667
4339466.666666667
4340300.0
4339800.0
860000.0
4339500.0
370000.0
450000.0
37993.333333333336
2369666.6666666665
350000.0
31010.0
46000.0
80993.33333333333
35000.0
150000.0
1850000.0
110000.0
48000.0
63976.666666666664
310000.0
130000.0
1848900.0
400000.0
430000.0
1349900.0
100000.0
310000.0
400000.0
38000.0
1850000.0
440000.0
90003.33333333333
1179533.3333333333
140000.0
280000.0
490000.0
3400.0
58006.666666666664
460000.0
440000.0
400000.0
3300.0
180000.0
37986.666666666664
1179600.0
140000.0
400000.0
310000.0
24033.333333333332
460000.0
280000.0
210000.0
2029833.3333333333
430000.0
1379266.6666666667
150000.0
490000.0
43996.666666666664
810000.0
1250000.0
53993.333333333336
2282200.0
240000.0
1850000.0
79976.66666666667
680000.0
1250000.0
270000.0
3290000.0
620000.0
92766.66666666667
620000.0
220000.0
130000.0
400000.0
110000.0
480000.0
720000.0
220000.0
88976.66666666667
340000.0
3290000.0
610000.0
280000.0
1850000.0
270000.0
2179900.0
76003.33333333333
1349933.3333333333
1349933.3333333333
1849833.3333333333
1850000.0
2281366.6666666665
1250000.0
620000.0
300000.0
1488666.6666666667
100000.0
290000.0
1149900.0
2250566.6666666665
1919900.0
250000.0
35000.0
680000.0
700000.0
25000.0
620000.0
650000.0
500000.0
630000.0
3300.0
150000.0
620000.0
1000000.0
1440700.0
200000.0
620000.0
200000.0
530000.0
3300.0
1229966.6666666667
100000.0
310000.0
22000.0
230000.0
2640633.3333333335
300000.0
2940066.6666666665
1100000.0
32973.333333333336
2690166.6666666665
880100.0
1660000.0
370000.0
310000.0
550000.0
4319666.666666667
610000.0
93963.33333333333
2461433.3333333335
84940.0
260000.0
4297800.0
1059966.6666666667
280000.0
74993.33333333333
28960.0
390000.0
1480100.0
130000.0
84000.0
3806.3333333333335
1619933.3333333333
1520000.0
3500.0
3400.0
31973.333333333332
500000.0
3890.3333333333335
710000.0
46000.0
20020.0
3500.0
4329000.0
1100033.3333333333
810200.0
1529700.0
2466200.0
730000.0
150000.0
1409166.6666666667
909966.6666666666
79936.66666666667
180000.0
480000.0
520000.0
660000.0
410000.0
79910.0
400000.0
45000.0
380000.0
340000.0
2100533.3333333335
310000.0
39000.0
1668466.6666666667
280000.0
2531166.6666666665
720000.0
4459833.333333333
75000.0
2149766.6666666665
510000.0
520000.0
190000.0
450000.0
46000.0
2722333.3333333335
71000.0
120000.0
1059900.0
1399800.0
590000.0
430000.0
180000.0
54000.0
4298033.333333333
100000.0
370000.0
170000.0
1889000.0
2461933.3333333335
710000.0
45000.0
290000.0
51000.0
84000.0
270000.0
420000.0
1269000.0
190000.0
380000.0
2366933.3333333335
680033.3333333334
1130166.6666666667
630000.0
1929933.3333333333
1870233.3333333333
899900.0
170000.0
62003.333333333336
130000.0
290000.0
330000.0
230000.0
1130066.6666666667
300000.0
4266133.333333333
160000.0
92036.66666666667
550000.0
51000.0
49000.0
69996.66666666667
2640700.0
300000.0
66996.66666666667
73910.0
320000.0
150000.0
280000.0
170000.0
82000.0
230000.0
620000.0
1839500.0
1100000.0
300000.0
520000.0
410000.0
1449666.6666666667
38003.333333333336
280000.0
260000.0
290000.0
300000.0
720000.0
1430000.0
46000.0
82996.66666666667
909966.6666666666
32993.333333333336
420000.0
900000.0
270000.0
140000.0
490000.0
1910566.6666666667
84003.33333333333
5615266.666666667
49000.0
1120000.0
250000.0
550000.0
1320200.0
84003.33333333333
45000.0
52003.333333333336
45000.0
1988933.3333333333
190000.0
510000.0
39003.333333333336
130000.0
2130300.0
100000.0
680000.0
330000.0
420000.0
1440566.6666666667
52966.666666666664
210000.0
18906.666666666668
82000.0
2369300.0
250000.0
570000.0
620000.0
29996.666666666668
340000.0
1920000.0
370000.0
67986.66666666667
140000.0
40006.666666666664
700000.0
1000000.0
1000000.0
1000000.0
620000.0
350000.0
330000.0
2150066.6666666665
1590133.3333333333
500000.0
500000.0
3400.0
300000.0
2060166.6666666667
640000.0
1800000.0
2060200.0
39003.333333333336
910233.3333333334
76010.0
220000.0
260000.0
260000.0
1440900.0
110000.0
79956.66666666667
300000.0
1499100.0
1289200.0
1758966.6666666667
530000.0
1080000.0
3600.0
400000.0
170000.0
2930166.6666666665
280000.0
160000.0
340000.0
220000.0
1179733.3333333333
2019933.3333333333
1256400.0
320000.0
310000.0
19976.666666666668
100000.0
100000.0
290000.0
270000.0
600000.0
949900.0
300000.0
110000.0
450000.0
290000.0
290000.0
96020.0
1229966.6666666667
1229966.6666666667
1408766.6666666667
120000.0
1149933.3333333333
1529766.6666666667
260000.0
2179800.0
96840.0
2380800.0
880066.6666666666
200000.0
70003.33333333333
130000.0
370000.0
1430100.0
41030.0
2149766.6666666665
2149233.3333333335
2149733.3333333335
880133.3333333334
540000.0
550000.0
49993.333333333336
130000.0
58000.0
240000.0
84000.0
90996.66666666667
59016.666666666664
160000.0
460000.0
4157966.6666666665
1399733.3333333333
61996.666666666664
2530433.3333333335
2530366.6666666665
2531166.6666666665
27033.333333333332
700000.0
2100300.0
74983.33333333333
1229966.6666666667
290000.0
2029433.3333333333
660000.0
130000.0
660000.0
47000.0
300000.0
61953.333333333336
67010.0
300000.0
41023.333333333336
720000.0
280000.0
2723233.3333333335
520000.0
1488633.3333333333
630000.0
390000.0
47000.0
620000.0
1529733.3333333333
130000.0
1929833.3333333333
170000.0
1870233.3333333333
310000.0
1268733.3333333333
130000.0
1320233.3333333333
650000.0
2412900.0
470000.0
470000.0
1929966.6666666667
1929966.6666666667
1718100.0
66966.66666666667
170000.0
35000.0
570000.0
91986.66666666667
320000.0
1229966.6666666667
1520366.6666666667
4329166.666666667
1149966.6666666667
5785.0
260000.0
4328233.333333333
4329166.666666667
1409266.6666666667
2690300.0
2690166.6666666665
2461033.3333333335
400000.0
1369800.0
1369833.3333333333
85993.33333333333
4157266.6666666665
97646.66666666667
86996.66666666667
730000.0
4690833.333333333
630000.0
2100533.3333333335
44996.666666666664
41020.0
2722033.3333333335
52010.0
2029733.3333333333
2030433.3333333333
49996.666666666664
22000.0
400000.0
93960.0
470000.0
330000.0
2641333.3333333335
1300000.0
290000.0
93940.0
2641300.0
35000.0
31973.333333333332
2640800.0
19990.0
200000.0
52966.666666666664
47000.0
520000.0
1730700.0
1030000.0
1029666.6666666666
1380033.3333333333
270000.0
1299966.6666666667
1300066.6666666667
1731133.3333333333
56913.333333333336
89006.66666666667
43003.333333333336
52026.666666666664
240000.0
540000.0
1052033.3333333333
1051800.0
290000.0
1419866.6666666667
1419933.3333333333
360000.0
1120000.0
3300.0
860000.0
92086.66666666667
580000.0
560000.0
530000.0
570000.0
470000.0
839833.3333333334
72003.33333333333
88036.66666666667
620000.0
670000.0
440000.0
160000.0
960000.0
1000000.0
520000.0
1459900.0
440000.0
670000.0
960000.0
580000.0
620000.0
1130100.0
839833.3333333334
1737466.6666666667
620000.0
1458733.3333333333
1749766.6666666667
1749600.0
1749800.0
600000.0
400000.0
2068633.3333333333
290000.0
2069433.3333333333
2069533.3333333333
290000.0
29000.0
160000.0
490000.0
560000.0
560000.0
799966.6666666666
270000.0
29006.666666666668
560000.0
560000.0
410000.0
200000.0
65006.666666666664
52960.0
41980.0
2029833.3333333333
1419966.6666666667
350000.0
54993.333333333336
39993.333333333336
54993.333333333336
64000.0
65993.33333333333
36010.0
190000.0
49996.666666666664
52986.666666666664
40000.0
290000.0
1040166.6666666666
390000.0
280000.0
82996.66666666667
420000.0
360000.0
1419966.6666666667
1419966.6666666667
480000.0
36010.0
230000.0
3002533.3333333335
74966.66666666667
480000.0
570000.0
320000.0
390000.0
1419866.6666666667
72003.33333333333
2664800.0
180000.0
880100.0
1120000.0
1120000.0
1759966.6666666667
1199966.6666666667
160000.0
140000.0
560000.0
1120000.0
470000.0
1759433.3333333333
860000.0
860000.0
13000.0
93956.66666666667
290000.0
260000.0
51000.0
1349966.6666666667
160000.0
110000.0
170000.0
34000.0
100000.0
600000.0
280000.0
450000.0
56010.0
93963.33333333333
590000.0
560000.0
310000.0
33996.666666666664
210000.0
190000.0
220000.0
47000.0
52033.333333333336
150000.0
1749366.6666666667
87993.33333333333
66990.0
95013.33333333333
2160400.0
839766.6666666666
839733.3333333334
190000.0
190000.0
190000.0
1120000.0
120000.0
370000.0
780033.3333333334
300000.0
490000.0
450000.0
39003.333333333336
300000.0
980000.0
400000.0
2069366.6666666667
210000.0
180000.0
980033.3333333334
170000.0
400000.0
620000.0
210000.0
620000.0
280000.0
1989233.3333333333
290000.0
520000.0
1130200.0
1249900.0
1120000.0
95006.66666666667
1737533.3333333333
380000.0
1200000.0
1239433.3333333333
77080.0
1100000.0
370000.0
2610166.6666666665
310000.0
160000.0
1000000.0
1300333.3333333333
210000.0
650000.0
580000.0
470000.0
630000.0
480000.0
92826.66666666667
540000.0
600000.0
600000.0
510000.0
1010000.0
1010000.0
2160266.6666666665
2160300.0
2610100.0
20990.0
900000.0
190000.0
880033.3333333334
39000.0
1029666.6666666666
1000000.0
880100.0
170000.0
170000.0
260000.0
300000.0
240000.0
360000.0
380000.0
69993.33333333333
87000.0
46000.0
280000.0
270000.0
280000.0
160000.0
380000.0
260000.0
45000.0
51000.0
3079966.6666666665
57996.666666666664
180000.0
1800000.0
770000.0
3636766.6666666665
3636666.6666666665
1089466.6666666667
3640900.0
25000.0
3094500.0
100000.0
300000.0
1610233.3333333333
100000.0
2570333.3333333335
3400.0
3400.0
310000.0
26963.333333333332
780100.0
130000.0
170000.0
120000.0
320000.0
3400.0
3400.0
780066.6666666666
780066.6666666666
470000.0
260000.0
3500.0
540000.0
390000.0
390000.0
26000.0
3400.0
1370566.6666666667
1100000.0
1000000.0
720000.0
460000.0
570000.0
640033.3333333334
2418433.3333333335
670000.0
350000.0
3935866.6666666665
700000.0
1070000.0
6283700.0
490000.0
1120000.0
3641233.3333333335
970000.0
1069966.6666666667
520000.0
2650533.3333333335
560000.0
660000.0
3400.0
4499033.333333333
140000.0
3500.0
1688166.6666666667
100000.0
1419966.6666666667
84006.66666666667
210000.0
2650500.0
3671366.6666666665
38000.0
790233.3333333334
2570366.6666666665
670000.0
32996.666666666664
1010000.0
810000.0
710000.0
55000.0
420000.0
3801.0
5221633.333333333
820066.6666666666
820033.3333333334
220000.0
1639166.6666666667
1639700.0
5035166.666666667
7274300.0
4616500.0
540000.0
3502.3333333333335
2970133.3333333335
2049800.0
1549533.3333333333
190000.0
1570000.0
2791400.0
7963566.666666667
1849966.6666666667
4703433.333333333
1000000.0
250000.0
1249433.3333333333
3400.0
85093.33333333333
660000.0
130000.0
4133800.0
4132800.0
4132966.6666666665
4132333.3333333335
530000.0
960000.0
34000.0
330000.0
48000.0
510000.0
3400.0
47000.0
4743633.333333333
580000.0
1910000.0
1910000.0
1910000.0
1910000.0
1910000.0
1910000.0
380000.0
590000.0
21000.0
850000.0
490000.0
320000.0
2299866.6666666665
170000.0
1430000.0
26000.0
560000.0
1080000.0
3400.0
1030000.0
54000.0
1480500.0
140000.0
47000.0
110000.0
1109833.3333333333
240000.0
71000.0
470000.0
12996.666666666666
3408400.0
1688400.0
530000.0
660000.0
230000.0
270000.0
5502966.666666667
460000.0
1200000.0
2447600.0
3400.0
69003.33333333333
600000.0
310000.0
3300.0
100000.0
710000.0
1138833.3333333333
34000.0
520000.0
320000.0
340000.0
280000.0
3400.0
320000.0
1910000.0
33996.666666666664
120000.0
1220700.0
200000.0
1549666.6666666667
1069966.6666666667
480000.0
3300.0
110000.0
47000.0
81000.0
1770000.0
230000.0
26020.0
310000.0
930200.0
1040100.0
3699466.6666666665
610000.0
730000.0
3863433.3333333335
26976.666666666668
1250000.0
600000.0
600000.0
280000.0
12970.0
3300.0
1169766.6666666667
260000.0
2100500.0
92853.33333333333
180000.0
290000.0
1040100.0
370000.0
560000.0
660000.0
330000.0
3813.6666666666665
300000.0
310000.0
220000.0
66040.0
730000.0
430000.0
290000.0
150000.0
530000.0
210000.0
67973.33333333333
600000.0
120000.0
600000.0
330000.0
3831.3333333333335
320000.0
930000.0
48000.0
550000.0
1339466.6666666667
350000.0
240000.0
120000.0
1239833.3333333333
220000.0
110000.0
530000.0
829266.6666666666
370000.0
95003.33333333333
170000.0
540000.0
300000.0
540000.0
300000.0
140000.0
1619500.0
100000.0
1299800.0
130000.0
44000.0
71000.0
260000.0
470000.0
919966.6666666666
730000.0
220000.0
310000.0
300000.0
450000.0
3600.0
950000.0
690000.0
690000.0
1120000.0
420000.0
1040100.0
1070000.0
100000.0
280000.0
610000.0
510000.0
74996.66666666667
370000.0
740000.0
1449933.3333333333
1449833.3333333333
150000.0
300000.0
85090.0
660000.0
1130166.6666666667
310000.0
1080000.0
110000.0
160000.0
240000.0
3300.0
710000.0
1430000.0
939300.0
78873.33333333333
530000.0
3500.0
74993.33333333333
849900.0
650000.0
55000.0
250000.0
250000.0
799933.3333333334
180000.0
1080466.6666666667
390000.0
80993.33333333333
59013.333333333336
16030.0
1749866.6666666667
310000.0
200000.0
410000.0
31966.666666666668
2197366.6666666665
310000.0
2039966.6666666667
41030.0
220000.0
1770066.6666666667
1769933.3333333333
220000.0
839833.3333333334
580000.0
580000.0
900033.3333333334
839866.6666666666
970000.0
370000.0
280000.0
2650866.6666666665
320000.0
810000.0
2939966.6666666665
280000.0
2250700.0
500000.0
1030000.0
42000.0
480000.0
750000.0
330000.0
330000.0
3079966.6666666665
3079966.6666666665
1000000.0
14966.666666666666
200000.0
2729233.3333333335
8124566.666666667
8175533.333333333
8118633.333333333
1029666.6666666666
7284666.666666667
340000.0
480000.0
4739700.0
4738366.666666667
1789900.0
920066.6666666666
15970.0
570000.0
320000.0
580000.0
590000.0
590000.0
1170066.6666666667
370000.0
110000.0
100000.0
480000.0
1200000.0
24993.333333333332
24996.666666666668
3170100.0
3170133.3333333335
3170033.3333333335
1989466.6666666667
2049866.6666666667
1070000.0
2049933.3333333333
480000.0
33996.666666666664
1869933.3333333333
700000.0
839766.6666666666
1249433.3333333333
20990.0
410000.0
970000.0
420000.0
530000.0
970000.0
71000.0
1989200.0
1988833.3333333333
440000.0
810000.0
810000.0
390000.0
390000.0
330000.0
690000.0
24010.0
44003.333333333336
3079966.6666666665
2289633.3333333335
100000.0
2289666.6666666665
1230000.0
37020.0
2970133.3333333335
40000.0
1610166.6666666667
110000.0
60956.666666666664
110000.0
2039966.6666666667
5240600.0
5258900.0
2039900.0
2039733.3333333333
1169966.6666666667
1169966.6666666667
1170100.0
100000.0
290000.0
460000.0
1849966.6666666667
71000.0
1847800.0
1848866.6666666667
1688266.6666666667
4733900.0
1688333.3333333333
4724400.0
430000.0
330000.0
430000.0
2940066.6666666665
2940066.6666666665
899900.0
818266.6666666666
970000.0
260000.0
1139100.0
37993.333333333336
170000.0
22980.0
8171300.0
42000.0
3198500.0
93956.66666666667
93946.66666666667
2250700.0
7284866.666666667
7316600.0
240000.0
670000.0
670000.0
970000.0
970000.0
31016.666666666668
839766.6666666666
1960133.3333333333
330000.0
54000.0
46000.0
320000.0
1329833.3333333333
440000.0
320000.0
310000.0
290000.0
3081100.0
4491600.0
3080000.0
530000.0
47000.0
8036433.333333333
24020.0
1619600.0
28033.333333333332
2650500.0
1069966.6666666667
2579000.0
3939600.0
1070000.0
3263966.6666666665
1070000.0
1149866.6666666667
1256733.3333333333
63000.0
1100000.0
1100000.0
1349933.3333333333
93936.66666666667
2728500.0
1249466.6666666667
1249866.6666666667
1109800.0
1320400.0
600000.0
1169800.0
240000.0
530000.0
240000.0
47000.0
3294933.3333333335
37013.333333333336
2049900.0
580000.0
4709533.333333333
1120000.0
570000.0
490000.0
510000.0
5050266.666666667
110000.0
3198733.3333333335
3197533.3333333335
560000.0
700000.0
420000.0
3699833.3333333335
3699533.3333333335
3700533.3333333335
22003.333333333332
3935900.0
3700366.6666666665
330000.0
2060000.0
13006.666666666666
1030000.0
2060133.3333333333
220000.0
1188100.0
1030000.0
1070000.0
2550366.6666666665
1109833.3333333333
4498000.0
1320266.6666666667
4492066.666666667
82003.33333333333
1679966.6666666667
64993.333333333336
2282233.3333333335
2620000.0
510000.0
2620100.0
28066.666666666668
6067700.0
6030233.333333333
640033.3333333334
2659866.6666666665
4744266.666666667
2448066.6666666665
600000.0
600000.0
230000.0
2448166.6666666665
1820033.3333333333
26013.333333333332
7988866.666666667
1399966.6666666667
540000.0
899900.0
740000.0
2813466.6666666665
2659633.3333333335
5520600.0
26013.333333333332
1320233.3333333333
1688433.3333333333
1688233.3333333333
3198866.6666666665
140000.0
65000.0
390000.0
66023.33333333333
47000.0
330000.0
330000.0
2289200.0
410000.0
410000.0
320000.0
39093.333333333336
2970000.0
2069133.3333333333
16003.333333333334
730000.0
1811433.3333333333
33996.666666666664
930133.3333333334
2029766.6666666667
370000.0
400000.0
450000.0
220000.0
440000.0
100000.0
260000.0
38996.666666666664
2413900.0
69000.0
3400.0
31033.333333333332
86996.66666666667
46000.0
400000.0
330000.0
38003.333333333336
1069966.6666666667
49000.0
3500.0
39000.0
3400.0
440000.0
320000.0
76003.33333333333
170000.0
140000.0
84026.66666666667
79956.66666666667
1737966.6666666667
26983.333333333332
2923466.6666666665
3800.6666666666665
150000.0
560000.0
180000.0
320000.0
440000.0
18023.333333333332
79990.0
2413800.0
2413400.0
69000.0
540000.0
560000.0
1704533.3333333333
560000.0
560000.0
2923500.0
560000.0
550000.0
280000.0
3400.0
140000.0
1870133.3333333333
1339500.0
240000.0
3400.0
720000.0
88000.0
300000.0
3500.0
280000.0
290000.0
200000.0
38003.333333333336
320000.0
130000.0
86000.0
120000.0
130000.0
730000.0
180000.0
3500.0
66000.0
1789833.3333333333
3400.0
1880000.0
1769966.6666666667
120000.0
400000.0
220000.0
110000.0
510000.0
240000.0
310000.0
1800000.0
280000.0
290000.0
76080.0
310000.0
540000.0
170000.0
260000.0
300000.0
700000.0
290000.0
290000.0
160000.0
320000.0
85986.66666666667
310000.0
400000.0
310000.0
240000.0
96070.0
730000.0
1880000.0
1880100.0
1800000.0
1800000.0
1799966.6666666667
1799966.6666666667
860000.0
260000.0
480000.0
100000.0
860000.0
37010.0
540000.0
48000.0
960000.0
4339833.333333333
4339366.666666667
4339700.0
670000.0
120000.0
4340200.0
4931866.666666667
670000.0
730000.0
180000.0
3500.0
66000.0
1789833.3333333333
3400.0
1880000.0
1769966.6666666667
120000.0
400000.0
220000.0
110000.0
510000.0
240000.0
310000.0
1800000.0
280000.0
290000.0
76080.0
310000.0
540000.0
170000.0
260000.0
300000.0
700000.0
290000.0
290000.0
160000.0
320000.0
85986.66666666667
310000.0
400000.0
310000.0
240000.0
96070.0
730000.0
1880000.0
1880100.0
1800000.0
1800000.0
1799966.6666666667
1799966.6666666667
860000.0
260000.0
480000.0
100000.0
860000.0
37010.0
540000.0
48000.0
960000.0
4339833.333333333
4339366.666666667
4339700.0
670000.0
120000.0
4340200.0
4929666.666666667
670000.0
710000.0
120000.0
270000.0
190000.0
240000.0
34000.0
680000.0
710000.0
83000.0
570000.0
240000.0
520000.0
46000.0
3400.0
25000.0
720000.0
450000.0
42006.666666666664
91993.33333333333
570000.0
570000.0
49000.0
740000.0
1089933.3333333333
350000.0
490000.0
450000.0
55000.0
330000.0
260000.0
250000.0
310000.0
69000.0
3999933.3333333335
4000000.0
3999966.6666666665
4001166.6666666665
650000.0
3999866.6666666665
1680300.0
1680033.3333333333
1680033.3333333333
47000.0
39000.0
600000.0
300000.0
350000.0
300000.0
300000.0
1559966.6666666667
1559933.3333333333
1560000.0
1559966.6666666667
1559933.3333333333
280000.0
300000.0
190000.0
490000.0
740000.0
350000.0
340000.0
340000.0
250000.0
84026.66666666667
290000.0
250000.0
1070000.0
320000.0
1659866.6666666667
310000.0
950000.0
280000.0
460000.0
310000.0
2091000.0
350000.0
2091033.3333333333
2091000.0
260000.0
150000.0
110000.0
51000.0
2091000.0
310000.0
300000.0
320000.0
300000.0
300000.0
72020.0
64986.666666666664
1231566.6666666667
320000.0
1659366.6666666667
1229966.6666666667
1000000.0
1659866.6666666667
1230000.0
1000000.0
540000.0
39003.333333333336
310000.0
300000.0
170000.0
400000.0
320000.0
300000.0
100000.0
84003.33333333333
540000.0
860000.0
310000.0
300000.0
490000.0
49000.0
39003.333333333336
45000.0
170000.0
330000.0
67006.66666666667
180000.0
620000.0
270000.0
160000.0
490000.0
860000.0
1000000.0
1230000.0
1659866.6666666667
55993.333333333336
59043.333333333336
53986.666666666664
56000.0
620000.0
1230000.0
39996.666666666664
1070000.0
170000.0
330000.0
62003.333333333336
799966.6666666666
300000.0
230000.0
310000.0
540000.0
1020100.0
220000.0
1789833.3333333333
180000.0
180000.0
730000.0
1789933.3333333333
67013.33333333333
730000.0
1880533.3333333333
1880300.0
730000.0
400000.0
570000.0
3308.6666666666665
300000.0
160000.0
450000.0
730000.0
730000.0
500000.0
490000.0
360000.0
590000.0
1399900.0
970000.0
140000.0
430000.0
260000.0
380000.0
2590033.3333333335
170000.0
310000.0
100000.0
1820033.3333333333
1769966.6666666667
780033.3333333334
280000.0
3469500.0
410000.0
360000.0
310000.0
270000.0
2650000.0
2590666.6666666665
35000.0
720000.0
730000.0
96070.0
3468766.6666666665
759933.3333333334
1369933.3333333333
1819900.0
1880033.3333333333
250000.0
360000.0
1400133.3333333333
5822.333333333333
1499966.6666666667
90960.0
780033.3333333334
310000.0
2650066.6666666665
2120000.0
61966.666666666664
1770133.3333333333
1789500.0
1789733.3333333333
430000.0
1500066.6666666667
490000.0
730000.0
490000.0
490000.0
3469900.0
3469900.0
1820133.3333333333
1819800.0
380000.0
170000.0
1880133.3333333333
160000.0
39046.666666666664
1399933.3333333333
970000.0
780066.6666666666
2649900.0
2120000.0
2650000.0
2650100.0
480000.0
260000.0
1770233.3333333333
2590200.0
2590066.6666666665
2590100.0
100000.0
170000.0
500000.0
67970.0
360000.0
490000.0
22960.0
24990.0
270000.0
1880500.0
86996.66666666667
1880033.3333333333
720000.0
1599733.3333333333
290000.0
66000.0
470000.0
470000.0
140000.0
140000.0
1320733.3333333333
3469466.6666666665
72006.66666666667
1880533.3333333333
49996.666666666664
1450666.6666666667
730000.0
140000.0
450000.0
69000.0
2120033.3333333335
290000.0
2019600.0
290000.0
250000.0
1349966.6666666667
1349933.3333333333
240000.0
440000.0
500000.0
440000.0
440000.0
500000.0
1430033.3333333333
1020300.0
1070000.0
1499833.3333333333
1020100.0
1599566.6666666667
290000.0
1597800.0
22003.333333333332
85900.0
330000.0
110000.0
300000.0
310000.0
250000.0
3400.0
620000.0
1329966.6666666667
3300.0
400000.0
1329966.6666666667
620000.0
1329966.6666666667
1329966.6666666667
1520000.0
1520266.6666666667
58010.0
140000.0
190000.0
59783.333333333336
1520100.0
1520000.0
1929733.3333333333
270000.0
76063.33333333333
1230000.0
770000.0
670000.0
1229933.3333333333
320000.0
1839800.0
290000.0
620000.0
330000.0
700000.0
670000.0
76016.66666666667
260000.0
81000.0
300000.0
490000.0
260000.0
860000.0
1770333.3333333333
3400.0
52023.333333333336
160000.0
1840066.6666666667
550000.0
200000.0
860000.0
1230000.0
53993.333333333336
700000.0
330000.0
32976.666666666664
94996.66666666667
380000.0
300000.0
860000.0
1520000.0
110000.0
3500.0
100000.0
49996.666666666664
180000.0
180000.0
80983.33333333333
430000.0
1360566.6666666667
1360600.0
580000.0
3009333.3333333335
200000.0
48000.0
35000.0
3170000.0
310000.0
290000.0
200000.0
670000.0
690000.0
270000.0
670000.0
670000.0
670000.0
230000.0
270000.0
260000.0
330000.0
700000.0
220000.0
76010.0
1919633.3333333333
69000.0
630000.0
1052000.0
960000.0
330000.0
700000.0
330000.0
700000.0
580000.0
390000.0
1052100.0
35996.666666666664
270000.0
160000.0
270000.0
320000.0
1919766.6666666667
290000.0
300000.0
630000.0
540000.0
3400.0
51000.0
51000.0
1220033.3333333333
1138933.3333333333
81000.0
2029766.6666666667
290000.0
1680133.3333333333
990033.3333333334
2805733.3333333335
52950.0
43000.0
17976.666666666668
1440766.6666666667
1440333.3333333333
2029800.0
1680200.0
800000.0
1680066.6666666667
510000.0
180000.0
510000.0
24990.0
270000.0
2974933.3333333335
2810800.0
270000.0
59006.666666666664
59000.0
310000.0
310000.0
1179833.3333333333
610000.0
520000.0
480000.0
1060033.3333333333
340000.0
1100033.3333333333
1280166.6666666667
1280000.0
520000.0
44000.0
13003.333333333334
480000.0
1060000.0
1119966.6666666667
1059966.6666666667
1010000.0
1010000.0
40000.0
690000.0
1059900.0
480000.0
1279900.0
1280066.6666666667
340000.0
1100000.0
1100033.3333333333
260000.0
15993.333333333334
43003.333333333336
3500.0
110000.0
1910000.0
210000.0
360000.0
340000.0
3400.0
210000.0
1120000.0
46000.0
340000.0
77010.0
64006.666666666664
1910000.0
1910000.0
28046.666666666668
48000.0
160000.0
45000.0
130000.0
51000.0
3876.6666666666665
700000.0
320000.0
540000.0
39000.0
420000.0
270000.0
210000.0
390000.0
1120000.0
110000.0
210000.0
64013.333333333336
280000.0
1610000.0
160000.0
140000.0
120000.0
1120000.0
2130100.0
300000.0
180000.0
290000.0
320000.0
61043.333333333336
460000.0
93966.66666666667
51000.0
330000.0
76003.33333333333
85996.66666666667
310000.0
170000.0
300000.0
65006.666666666664
380000.0
3400.0
100000.0
280000.0
400000.0
3081600.0
4023633.3333333335
4023633.3333333335
1889233.3333333333
460000.0
190000.0
500000.0
520000.0
72010.0
310000.0
62000.0
660000.0
170000.0
180000.0
190000.0
260000.0
300000.0
300000.0
300000.0
530000.0
500000.0
150000.0
689966.6666666666
270000.0
310000.0
460000.0
86000.0
190000.0
110000.0
3080000.0
370000.0
120000.0
1430000.0
290000.0
110000.0
1889066.6666666667
280000.0
270000.0
110000.0
220000.0
400000.0
360000.0
130000.0
220000.0
100000.0
150000.0
670000.0
54000.0
3391400.0
1610000.0
390000.0
55000.0
1960000.0
64006.666666666664
25000.0
72003.33333333333
3080000.0
3080000.0
3080033.3333333335
3080000.0
3080000.0
190000.0
300000.0
38000.0
96786.66666666667
110000.0
3080000.0
55993.333333333336
330000.0
2130233.3333333335
150000.0
150000.0
49996.666666666664
2130066.6666666665
100000.0
400000.0
1890000.0
689966.6666666666
69000.0
380000.0
380000.0
22000.0
1520033.3333333333
370000.0
1960000.0
1960000.0
1960033.3333333333
220000.0
2620266.6666666665
2256466.6666666665
18990.0
3390600.0
3390933.3333333335
3080000.0
1430066.6666666667
1430000.0
1610000.0
1610000.0
390000.0
670000.0
54996.666666666664
2878900.0
52000.0
1960000.0
310000.0
270000.0
320000.0
65006.666666666664
59723.333333333336
100000.0
120000.0
1430000.0
893733.3333333334
2479666.6666666665
59013.333333333336
310000.0
9600000.0
990033.3333333334
55000.0
1610000.0
170000.0
899666.6666666666
750000.0
979966.6666666666
330000.0
290000.0
620000.0
260000.0
29983.333333333332
420000.0
200000.0
1220666.6666666667
910000.0
690000.0
390000.0
1430033.3333333333
893633.3333333334
1749833.3333333333
2479700.0
2179433.3333333335
9600000.0
1610000.0
1419966.6666666667
550000.0
300000.0
370000.0
71996.66666666667
20996.666666666668
42000.0
1080066.6666666667
650000.0
690000.0
40003.333333333336
22970.0
30000.0
2620233.3333333335
2620000.0
2620033.3333333335
26013.333333333332
510000.0
58000.0
920100.0
1749866.6666666667
2478133.3333333335
9600000.0
9600000.0
9600000.0
1610000.0
1610000.0
1610000.0
1960000.0
780000.0
1239766.6666666667
310000.0
1060066.6666666667
550000.0
1399866.6666666667
24000.0
1430066.6666666667
1390566.6666666667
5599833.333333333
3930366.6666666665
1610000.0
91970.0
9600000.0
2620233.3333333335
1610000.0
899666.6666666666
22003.333333333332
11993.333333333334
22003.333333333332
1499866.6666666667
1499866.6666666667
750000.0
1500300.0
290000.0
620000.0
620000.0
620000.0
330000.0
11892.0
710000.0
1659866.6666666667
980033.3333333334
1330200.0
54000.0
2100500.0
170000.0
5217366.666666667
20986.666666666668
5224100.0
5228066.666666667
6401666.666666667
560000.0
909966.6666666666
77906.66666666667
82003.33333333333
83000.0
420000.0
130000.0
330000.0
280000.0
100000.0
24993.333333333332
270000.0
110000.0
250000.0
58020.0
1750033.3333333333
5054033.333333333
140000.0
210000.0
140000.0
300000.0
690000.0
1010033.3333333334
1680100.0
1680100.0
100000.0
1960000.0
1960000.0
1960033.3333333333
1960000.0
1120000.0
1960033.3333333333
490000.0
2139966.6666666665
2139633.3333333335
31003.333333333332
2139966.6666666665
2139866.6666666665
2139933.3333333335
260000.0
360000.0
610000.0
780000.0
780033.3333333334
740000.0
1399900.0
740033.3333333334
1399733.3333333333
750066.6666666666
310000.0
650000.0
1060033.3333333333
1060066.6666666667
180000.0
230000.0
430000.0
2650100.0
2650033.3333333335
430000.0
230000.0
230000.0
400000.0
1470100.0
799966.6666666666
1020100.0
61966.666666666664
82003.33333333333
1020133.3333333334
290000.0
240000.0
100000.0
2120033.3333333335
120000.0
240000.0
2100000.0
2100200.0
77036.66666666667
2100200.0
2120033.3333333335
2120000.0
4638100.0
570000.0
1470066.6666666667
780066.6666666666
2099900.0
130000.0
350000.0
930033.3333333334
980000.0
300000.0
610000.0
1470100.0
1470066.6666666667
739966.6666666666
560000.0
280000.0
799933.3333333334
1960000.0
780066.6666666666
350000.0
2099900.0
2099900.0
2099900.0
2120033.3333333335
1800000.0
1800000.0
1799966.6666666667
1799966.6666666667
250000.0
250000.0
4637400.0
4610300.0
4611866.666666667
88966.66666666667
610000.0
640033.3333333334
700000.0
340000.0
140000.0
1149933.3333333333
290000.0
290000.0
29993.333333333332
1470000.0
1469966.6666666667
1299666.6666666667
2120033.3333333335
2018600.0
2019500.0
2019966.6666666667
2019933.3333333333
2019433.3333333333
230000.0
220000.0
3500.0
66000.0
1560000.0
1400000.0
570000.0
300000.0
1020100.0
1020300.0
77020.0
15960.0
67986.66666666667
91986.66666666667
160000.0
260000.0
350000.0
270000.0
3300.0
590000.0
759966.6666666666
69000.0
670000.0
130000.0
82996.66666666667
660000.0
280000.0
290000.0
560000.0
310000.0
110000.0
200000.0
110000.0
400000.0
250000.0
210000.0
210000.0
1780166.6666666667
1060066.6666666667
1080000.0
210000.0
150000.0
430000.0
120000.0
93986.66666666667
160000.0
310000.0
190000.0
84000.0
310000.0
27033.333333333332
450000.0
120000.0
220000.0
230000.0
450000.0
2620133.3333333335
65000.0
250000.0
260000.0
160000.0
51000.0
440000.0
150000.0
270000.0
170000.0
320000.0
690000.0
34000.0
77936.66666666667
270000.0
130000.0
220000.0
48000.0
120000.0
330000.0
76026.66666666667
190000.0
180000.0
770000.0
1139000.0
320000.0
690000.0
1219900.0
850000.0
550000.0
260000.0
960000.0
420000.0
590000.0
2560000.0
240000.0
818066.6666666666
41026.666666666664
160000.0
260000.0
810033.3333333334
350000.0
310000.0
1680000.0
300000.0
370000.0
720000.0
610000.0
58013.333333333336
170000.0
350000.0
81000.0
280000.0
320000.0
310000.0
380000.0
730000.0
370000.0
730000.0
1000000.0
1319933.3333333333
280000.0
700000.0
270000.0
640033.3333333334
100000.0
3500.0
3500.0
350000.0
36000.0
380000.0
300000.0
280000.0
2650033.3333333335
230000.0
300000.0
300000.0
320000.0
150000.0
1800000.0
3930066.6666666665
280000.0
350000.0
950000.0
880900.0
710000.0
74996.66666666667
310000.0
320000.0
110000.0
85010.0
520000.0
260000.0
93956.66666666667
26000.0
2362000.0
540000.0
640000.0
69990.0
1829333.3333333333
280000.0
1120000.0
1499966.6666666667
1680000.0
9600000.0
350000.0
67980.0
130000.0
2590500.0
850000.0
510000.0
520000.0
1419933.3333333333
300000.0
480000.0
52000.0
730000.0
2650033.3333333335
80993.33333333333
430000.0
400000.0
120000.0
350000.0
530000.0
100000.0
1500300.0
1499866.6666666667
510000.0
32993.333333333336
750000.0
1499966.6666666667
1770000.0
800000.0
3930600.0
510000.0
570000.0
47000.0
77956.66666666667
310000.0
120000.0
1070000.0
510000.0
82000.0
240000.0
84000.0
310000.0
1170033.3333333333
1450033.3333333333
1070000.0
110000.0
310000.0
310000.0
330000.0
140000.0
99086.66666666667
440000.0
120000.0
300000.0
750000.0
330000.0
530000.0
930200.0
1500066.6666666667
750000.0
1699400.0
310000.0
759966.6666666666
1250000.0
1870200.0
370000.0
1680766.6666666667
200000.0
43000.0
2321266.6666666665
310000.0
320000.0
300000.0
310000.0
3170000.0
1849866.6666666667
690000.0
790233.3333333334
790166.6666666666
3930366.6666666665
95006.66666666667
270000.0
1330166.6666666667
600000.0
1119966.6666666667
660000.0
320000.0
590000.0
300000.0
840033.3333333334
300000.0
300000.0
620000.0
260000.0
280000.0
110000.0
210000.0
170000.0
260000.0
2419333.3333333335
330000.0
320000.0
47000.0
310000.0
2479766.6666666665
730000.0
420000.0
1849766.6666666667
330000.0
210000.0
330000.0
1169800.0
310000.0
1570000.0
220000.0
950000.0
220000.0
20996.666666666668
260000.0
320000.0
72740.0
150000.0
730000.0
1029933.3333333334
330000.0
47000.0
2419733.3333333335
450000.0
80993.33333333333
979966.6666666666
2419800.0
1100000.0
510000.0
280000.0
1029933.3333333334
140000.0
330000.0
160000.0
340000.0
290000.0
450000.0
380000.0
970000.0
690000.0
220000.0
1069966.6666666667
100000.0
1520033.3333333333
130000.0
460000.0
52003.333333333336
390000.0
310000.0
3300.0
330000.0
530000.0
210000.0
3300.0
970000.0
1919800.0
360000.0
110000.0
380000.0
520000.0
88993.33333333333
18976.666666666668
390000.0
240000.0
2419966.6666666665
540000.0
79906.66666666667
750000.0
190000.0
100000.0
540000.0
71000.0
140000.0
49000.0
820000.0
3400.0
150000.0
3300.0
3300.0
61980.0
66990.0
270000.0
5796.333333333333
2019933.3333333333
400000.0
120000.0
820200.0
230000.0
84000.0
100000.0
34000.0
49000.0
150000.0
110000.0
72736.66666666667
81000.0
76016.66666666667
270000.0
46000.0
19980.0
210000.0
1080066.6666666667
150000.0
150000.0
2250700.0
22000.0
460000.0
460000.0
20030.0
35000.0
1520033.3333333333
51000.0
72880.0
480000.0
670000.0
390000.0
390000.0
1659733.3333333333
1659500.0
1520033.3333333333
52003.333333333336
690000.0
550000.0
550000.0
440000.0
440000.0
24013.333333333332
450000.0
450000.0
1680066.6666666667
1680066.6666666667
180000.0
190000.0
190000.0
590000.0
590000.0
59000.0
960000.0
350000.0
1080466.6666666667
1029933.3333333334
660000.0
68996.66666666667
960000.0
670000.0
140000.0
52016.666666666664
80983.33333333333
2620266.6666666665
280000.0
130000.0
1030000.0
140000.0
140000.0
3690300.0
3690300.0
540000.0
520000.0
3300.0
300000.0
35000.0
26020.0
550000.0
500000.0
290000.0
400000.0
1069966.6666666667
390000.0
340000.0
100000.0
520000.0
260000.0
3688700.0
170000.0
3691366.6666666665
290000.0
2440133.3333333335
3300.0
290000.0
35000.0
220000.0
280000.0
240000.0
360000.0
3690333.3333333335
1199966.6666666667
180000.0
320000.0
280000.0
460000.0
1630066.6666666667
2299933.3333333335
1950100.0
270000.0
380000.0
82993.33333333333
460000.0
180000.0
380000.0
1950100.0
1950100.0
2298400.0
1950100.0
2298700.0
1950100.0
1950100.0
320000.0
1080466.6666666667
290000.0
84000.0
230000.0
1929833.3333333333
280000.0
280000.0
240000.0
660000.0
110000.0
930033.3333333334
88003.33333333333
88000.0
310000.0
130000.0
77076.66666666667
380000.0
1929966.6666666667
1929966.6666666667
360000.0
660000.0
180000.0
300000.0
1910000.0
270000.0
170000.0
240000.0
1910000.0
1910000.0
1910000.0
1910000.0
1910000.0
1910000.0
390000.0
310000.0
71000.0
260000.0
220000.0
330000.0
440000.0
3400.0
820066.6666666666
320000.0
380000.0
210000.0
57990.0
330000.0
220000.0
230000.0
220000.0
3400.0
190000.0
120000.0
1180000.0
140000.0
1610000.0
930166.6666666666
49993.333333333336
1010000.0
220000.0
74996.66666666667
170000.0
510000.0
3400.0
35000.0
110000.0
100000.0
240000.0
310000.0
300000.0
1230000.0
1288566.6666666667
600000.0
320000.0
310000.0
860000.0
310000.0
3170000.0
810000.0
620000.0
300000.0
500000.0
1760033.3333333333
640000.0
72860.0
78866.66666666667
290000.0
320000.0
1180000.0
140000.0
1610000.0
1610000.0
930066.6666666666
670000.0
49000.0
210000.0
1030000.0
320000.0
53993.333333333336
390000.0
750000.0
330000.0
540000.0
82993.33333333333
86993.33333333333
660000.0
290000.0
860000.0
860000.0
860000.0
710000.0
230000.0
230000.0
1030000.0
170000.0
120000.0
400000.0
1070000.0
530000.0
530000.0
3689900.0
1800000.0
1800133.3333333333
1800100.0
1799966.6666666667
970000.0
970000.0
360000.0
1200000.0
1950100.0
2298700.0
38000.0
270000.0
400000.0
550000.0
72733.33333333333
1929933.3333333333
22963.333333333332
360000.0
360000.0
970000.0
130000.0
460000.0
1950100.0
500000.0
67990.0
400000.0
180000.0
440000.0
500000.0
1520000.0
3079900.0
100000.0
630000.0
18016.666666666668
600000.0
240000.0
560000.0
1010000.0
3406200.0
360000.0
130000.0
44996.666666666664
310000.0
65006.666666666664
1179833.3333333333
170000.0
82003.33333333333
1570000.0
100000.0
1610000.0
930000.0
660000.0
150000.0
150000.0
1570000.0
3635800.0
3641133.3333333335
3640700.0
860000.0
490000.0
3169833.3333333335
3170000.0
3170100.0
3170133.3333333335
1519800.0
960000.0
1760033.3333333333
500000.0
860000.0
33996.666666666664
120000.0
620000.0
720000.0
620000.0
390000.0
250000.0
640033.3333333334
600000.0
500000.0
500000.0
57993.333333333336
120000.0
970000.0
120000.0
160000.0
2650000.0
160000.0
650000.0
80993.33333333333
270000.0
270000.0
970000.0
1160066.6666666667
1080000.0
42003.333333333336
3391400.0
18993.333333333332
3857933.3333333335
270000.0
56903.333333333336
78770.0
4689900.0
99106.66666666667
60956.666666666664
80993.33333333333
270000.0
2930066.6666666665
120000.0
100000.0
380000.0
610000.0
16583.333333333332
65993.33333333333
280000.0
310000.0
820166.6666666666
1910000.0
1910000.0
1910000.0
1910000.0
2929900.0
2929666.6666666665
100000.0
4611933.333333333
640033.3333333334
610000.0
160000.0
1249966.6666666667
818433.3333333334
2120500.0
390000.0
100000.0
900000.0
3392133.3333333335
3290000.0
74993.33333333333
300000.0
3290000.0
530000.0
260000.0
570000.0
570000.0
570000.0
210000.0
490000.0
410000.0
510000.0
1110000.0
120000.0
130000.0
49000.0
460000.0
3500.0
150000.0
510000.0
1800000.0
590000.0
3300.0
1910000.0
210000.0
3640800.0
1130200.0
370000.0
1100000.0
3636633.3333333335
22000.0
500000.0
3599.6666666666665
470000.0
88036.66666666667
1910000.0
460000.0
3089666.6666666665
640033.3333333334
1010000.0
1010000.0
20026.666666666668
3300.0
1520000.0
1520000.0
1110000.0
460000.0
66000.0
58010.0
350000.0
24016.666666666668
1100000.0
750000.0
310000.0
570000.0
1109933.3333333333
3641133.3333333335
1800000.0
1800000.0
100000.0
79893.33333333333
59003.333333333336
3640700.0
140000.0
1610000.0
1609933.3333333333
1960033.3333333333
330000.0
590000.0
590000.0
3635800.0
1960033.3333333333
2139733.3333333335
550000.0
1130233.3333333333
31970.0
370000.0
640033.3333333334
2140033.3333333335
1000000.0
1130233.3333333333
720000.0
1130333.3333333333
2570200.0
21000.0
18010.0
49996.666666666664
3198000.0
710000.0
710000.0
710000.0
570000.0
1699400.0
31003.333333333332
480000.0
12970.0
130000.0
2439966.6666666665
2439900.0
1960000.0
1680100.0
350000.0
3089933.3333333335
3089833.3333333335
250000.0
49993.333333333336
33996.666666666664
170000.0
330000.0
330000.0
120000.0
180000.0
330000.0
130000.0
100000.0
310000.0
400000.0
700000.0
80993.33333333333
3699233.3333333335
210000.0
1660333.3333333333
1409266.6666666667
700000.0
32993.333333333336
310000.0
320000.0
310000.0
500000.0
2039900.0
839900.0
700000.0
63973.333333333336
200000.0
540000.0
1910000.0
1910000.0
1910000.0
600000.0
1910000.0
1160166.6666666667
1919933.3333333333
590000.0
440000.0
250000.0
210000.0
530000.0
93960.0
1030000.0
1409166.6666666667
300000.0
240000.0
280000.0
900000.0
110000.0
270000.0
250000.0
62980.0
13000.0
770000.0
51000.0
670000.0
96130.0
790100.0
390000.0
290000.0
23000.0
280000.0
390000.0
130000.0
66010.0
440000.0
78866.66666666667
110000.0
110000.0
100000.0
730000.0
320000.0
65003.333333333336
120000.0
64986.666666666664
69000.0
360000.0
250000.0
630000.0
3300.0
280000.0
490000.0
210000.0
52000.0
310000.0
92096.66666666667
150000.0
59006.666666666664
59006.666666666664
600000.0
850000.0
3999800.0
290000.0
1250000.0
280000.0
190000.0
630000.0
280000.0
120000.0
300000.0
1120000.0
290000.0
110000.0
1910000.0
620000.0
190000.0
340000.0
300000.0
300000.0
210000.0
320000.0
3300.0
2959933.3333333335
370000.0
5868.666666666667
210000.0
320000.0
260000.0
110000.0
64010.0
270000.0
82993.33333333333
72000.0
510000.0
100000.0
390000.0
1070000.0
83000.0
320000.0
560000.0
730000.0
500000.0
300000.0
930200.0
330000.0
1120000.0
210000.0
700000.0
2959933.3333333335
1199566.6666666667
1610100.0
2650000.0
2650000.0
2649800.0
1589966.6666666667
170000.0
3500.0
81000.0
430000.0
100000.0
230000.0
460000.0
939266.6666666666
47000.0
730000.0
1080000.0
3300.0
530000.0
2039966.6666666667
2039900.0
510000.0
2039733.3333333333
270000.0
1570133.3333333333
1960000.0
480000.0
290000.0
160000.0
380000.0
31976.666666666668
230000.0
330000.0
790033.3333333334
48000.0
110000.0
1220100.0
490000.0
330000.0
3999900.0
480000.0
210000.0
590000.0
290000.0
290000.0
1638633.3333333333
240000.0
1638766.6666666667
690000.0
689966.6666666666
510000.0
250000.0
290000.0
290000.0
1399566.6666666667
1399966.6666666667
3699700.0
3695366.6666666665
3699300.0
3700300.0
3699300.0
3699700.0
3700133.3333333335
1080433.3333333333
2959933.3333333335
700000.0
160000.0
2959900.0
2959933.3333333335
15033.333333333334
2959966.6666666665
2959966.6666666665
2959900.0
2959566.6666666665
210000.0
460000.0
839933.3333333334
839800.0
500000.0
440000.0
1919766.6666666667
2959200.0
500000.0
400000.0
230000.0
40006.666666666664
770000.0
770000.0
220000.0
220000.0
1250000.0
1160033.3333333333
13933.333333333334
400000.0
850000.0
42003.333333333336
480000.0
49993.333333333336
2068866.6666666667
730000.0
230000.0
440000.0
440000.0
390000.0
630000.0
390000.0
290000.0
290000.0
1000000.0
44996.666666666664
2649833.3333333335
2650066.6666666665
2650000.0
2650000.0
8004366.666666667
150000.0
770000.0
1030000.0
1030000.0
1419933.3333333333
21000.0
550000.0
22983.333333333332
590000.0
770000.0
95000.0
630000.0
190000.0
33003.333333333336
47000.0
4167800.0
72000.0
46000.0
650000.0
3124733.3333333335
110000.0
22000.0
40000.0
56006.666666666664
35000.0
280000.0
730000.0
730033.3333333334
730000.0
360000.0
1069966.6666666667
1080066.6666666667
1430000.0
570000.0
41030.0
1119966.6666666667
1919966.6666666667
1299866.6666666667
1299933.3333333333
3999833.3333333335
3999866.6666666665
31980.0
1160200.0
31026.666666666668
1919866.6666666667
67006.66666666667
930266.6666666666
14933.333333333334
949933.3333333334
210000.0
700000.0
700000.0
1120000.0
330000.0
1120000.0
150000.0
63996.666666666664
1080000.0
43003.333333333336
1590033.3333333333
1590033.3333333333
15983.333333333334
730000.0
939233.3333333334
730000.0
51000.0
3635800.0
2785200.0
18000.0
1299833.3333333333
510000.0
99816.66666666667
620000.0
11841.333333333334
1590866.6666666667
430000.0
939233.3333333334
1080000.0
1450066.6666666667
2650000.0
2650100.0
2650000.0
2650000.0
1030000.0
1030000.0
1029966.6666666666
47000.0
980000.0
260000.0
300000.0
36000.0
930166.6666666666
1570133.3333333333
1179733.3333333333
380000.0
380000.0
18010.0
1020466.6666666666
720000.0
720000.0
2130233.3333333335
2130100.0
818533.3333333334
2130033.3333333335
2130200.0
480000.0
680033.3333333334
78826.66666666667
1198966.6666666667
200000.0
88000.0
230000.0
230000.0
759966.6666666666
790000.0
1170100.0
490000.0
69000.0
47000.0
590000.0
690000.0
160000.0
220000.0
290000.0
100000.0
3300.0
110000.0
690000.0
3599.6666666666665
430000.0
1330100.0
3009433.3333333335
3010166.6666666665
3010066.6666666665
3009833.3333333335
3009866.6666666665
3010166.6666666665
690000.0
1249333.3333333333
1249966.6666666667
1250000.0
100000.0
130000.0
84000.0
84010.0
130000.0
410000.0
55000.0
410000.0
54996.666666666664
600000.0
130000.0
170000.0
90966.66666666667
300000.0
31010.0
700000.0
130000.0
160000.0
570000.0
160000.0
700000.0
130000.0
630000.0
500000.0
100000.0
1820133.3333333333
1819800.0
1819900.0
18996.666666666668
160000.0
570000.0
570000.0
160000.0
759866.6666666666
760000.0
150000.0
210000.0
3599.6666666666665
180000.0
180000.0
55000.0
130000.0
240000.0
130000.0
160000.0
76020.0
35000.0
480000.0
540000.0
300000.0
410000.0
160000.0
260000.0
65993.33333333333
67986.66666666667
70000.0
130000.0
72006.66666666667
29993.333333333332
35000.0
60966.666666666664
40000.0
480000.0
480000.0
410000.0
340000.0
160000.0
260000.0
83000.0
150000.0
680000.0
300000.0
3300.0
320000.0
150000.0
130000.0
170000.0
84000.0
250000.0
660000.0
620000.0
100000.0
140000.0
460000.0
56906.666666666664
100000.0
300000.0
240000.0
550000.0
620000.0
62996.666666666664
500000.0
2068666.6666666667
650000.0
160000.0
750000.0
300000.0
300000.0
100000.0
2460300.0
400000.0
1300000.0
71000.0
2460666.6666666665
1886700.0
690000.0
310000.0
120000.0
290000.0
310000.0
110000.0
54000.0
99100.0
300000.0
3599.6666666666665
270000.0
4299833.333333333
290000.0
899966.6666666666
899966.6666666666
550000.0
520000.0
230000.0
1000000.0
4300100.0
680000.0
2419366.6666666665
700000.0
1280066.6666666667
3400.0
540000.0
1659566.6666666667
2140366.6666666665
55000.0
210000.0
1299933.3333333333
1299900.0
1300000.0
120000.0
1450266.6666666667
330000.0
310000.0
310000.0
37013.333333333336
1529800.0
84010.0
650000.0
100000.0
67986.66666666667
93966.66666666667
470000.0
1450066.6666666667
300000.0
660000.0
33000.0
2460500.0
2459533.3333333335
52966.666666666664
550000.0
300000.0
29983.333333333332
2068733.3333333333
2068733.3333333333
1160233.3333333333
2460500.0
2459300.0
620000.0
2068700.0
300000.0
300000.0
300000.0
70000.0
49993.333333333336
2459800.0
180000.0
620000.0
2459900.0
160000.0
310000.0
690000.0
400000.0
37006.666666666664
310000.0
850000.0
14926.666666666666
1000000.0
1000000.0
420000.0
750000.0
89983.33333333333
290000.0
140000.0
140000.0
580000.0
230000.0
290000.0
230000.0
230000.0
4300100.0
4299833.333333333
4299733.333333333
4300433.333333333
69000.0
390000.0
220000.0
620000.0
1886866.6666666667
790200.0
690000.0
849966.6666666666
330000.0
240000.0
540000.0
290000.0
1280133.3333333333
1279966.6666666667
630000.0
290000.0
550000.0
520000.0
700000.0
29990.0
2140166.6666666665
2140366.6666666665
2140066.6666666665
230000.0
470000.0
470000.0
54996.666666666664
1597766.6666666667
140000.0
220000.0
700000.0
660000.0
40006.666666666664
660000.0
700000.0
470000.0
54000.0
660000.0
790233.3333333334
72006.66666666667
420000.0
290000.0
74996.66666666667
390000.0
120000.0
21000.0
33993.333333333336
3400.0
1910000.0
25000.0
3605.6666666666665
1910000.0
980033.3333333334
1910000.0
1910000.0
1910000.0
1910000.0
1910000.0
3400.0
52006.666666666664
1339666.6666666667
3300.0
13970.0
400000.0
25000.0
320000.0
15963.333333333334
180000.0
550000.0
270000.0
1910033.3333333333
1910000.0
1910000.0
3400.0
1819366.6666666667
53996.666666666664
1499833.3333333333
310000.0
3400.0
580000.0
760000.0
46000.0
380000.0
280000.0
320000.0
100000.0
100000.0
110000.0
420000.0
290000.0
270000.0
110000.0
610000.0
610000.0
26003.333333333332
320000.0
600000.0
3500.0
600000.0
66000.0
480000.0
72000.0
540000.0
280000.0
350000.0
360000.0
320000.0
150000.0
51000.0
51000.0
71000.0
21000.0
900000.0
3500.0
250000.0
120000.0
210000.0
3500.0
160000.0
3090033.3333333335
1450033.3333333333
550000.0
180000.0
270000.0
820100.0
820066.6666666666
240000.0
49000.0
120000.0
320000.0
740000.0
1749933.3333333333
110000.0
820100.0
37993.333333333336
48000.0
110000.0
330000.0
150000.0
500000.0
310000.0
82993.33333333333
100000.0
950000.0
230000.0
320000.0
140000.0
230000.0
280000.0
1339666.6666666667
930000.0
160000.0
220000.0
3300.0
310000.0
220000.0
400000.0
530000.0
490000.0
180000.0
2297766.6666666665
400000.0
1399533.3333333333
550000.0
56013.333333333336
3400.0
1179566.6666666667
71000.0
3400.0
90960.0
90973.33333333333
90966.66666666667
3300.0
170000.0
330000.0
670000.0
320000.0
949900.0
59810.0
490000.0
380000.0
130000.0
1829000.0
1829000.0
310000.0
31010.0
260000.0
2130100.0
93946.66666666667
100000.0
180000.0
290000.0
560000.0
840000.0
300000.0
290000.0
2130133.3333333335
220000.0
35000.0
280000.0
76020.0
2060566.6666666667
330000.0
320000.0
410000.0
680000.0
110000.0
250000.0
320000.0
600000.0
600000.0
110000.0
290000.0
600000.0
600000.0
300000.0
160000.0
610000.0
150000.0
280000.0
64986.666666666664
280000.0
240000.0
160000.0
300000.0
46000.0
949633.3333333334
3300.0
170000.0
950000.0
1200000.0
300000.0
550000.0
610000.0
610000.0
320000.0
310000.0
120000.0
300000.0
2791266.6666666665
1080033.3333333333
2790900.0
949866.6666666666
290000.0
580000.0
360000.0
110000.0
1470000.0
310000.0
570000.0
66000.0
130000.0
310000.0
3400.0
2099833.3333333335
810000.0
35000.0
1840000.0
1020166.6666666666
3500.0
66000.0
300000.0
460000.0
360000.0
130000.0
16576.666666666668
110000.0
320000.0
76013.33333333333
3170000.0
1000000.0
420000.0
38003.333333333336
3300.0
909966.6666666666
200000.0
200000.0
3300.0
810200.0
130000.0
960000.0
410000.0
410000.0
300000.0
380000.0
270000.0
400000.0
320000.0
280000.0
320000.0
100000.0
3081333.3333333335
420000.0
4498700.0
4499166.666666667
540000.0
99170.0
1000000.0
1119966.6666666667
300000.0
46000.0
490000.0
1030000.0
330000.0
21000.0
28000.0
130000.0
20996.666666666668
3500.0
110000.0
510000.0
72786.66666666667
530000.0
47000.0
110000.0
110000.0
12966.666666666666
1149966.6666666667
850000.0
25003.333333333332
22000.0
4258533.333333333
1040033.3333333334
1150000.0
31013.333333333332
170000.0
660000.0
29000.0
120000.0
839966.6666666666
750033.3333333334
5584566.666666667
280000.0
930033.3333333334
300000.0
110000.0
2939966.6666666665
370000.0
550000.0
260000.0
18013.333333333332
3400.0
670000.0
69000.0
40993.333333333336
580000.0
530000.0
670000.0
84020.0
829400.0
580000.0
7331166.666666667
1000000.0
410000.0
530000.0
530000.0
34000.0
4498700.0
4499166.666666667
3300.0
840033.3333333334
3423666.6666666665
64996.666666666664
1649900.0
46000.0
360000.0
430000.0
180000.0
170000.0
28953.333333333332
2414366.6666666665
3400.0
780066.6666666666
1489033.3333333333
380000.0
390000.0
370000.0
460000.0
46000.0
2160766.6666666665
750033.3333333334
290000.0
170000.0
570000.0
690000.0
350000.0
150000.0
1269433.3333333333
4338366.666666667
71990.0
3502.3333333333335
38000.0
710000.0
829700.0
810000.0
270000.0
2803400.0
320000.0
420000.0
320000.0
3400.0
490000.0
180000.0
2121233.3333333335
380000.0
1090000.0
5202766.666666667
14940.0
53993.333333333336
3176533.3333333335
5829.333333333333
2940066.6666666665
120000.0
1339766.6666666667
3300.0
570000.0
13000.0
31970.0
420000.0
21000.0
41996.666666666664
1419933.3333333333
1149933.3333333333
2068933.3333333333
340000.0
110000.0
2970000.0
3400.0
26003.333333333332
48000.0
56010.0
1000000.0
1430000.0
260000.0
190000.0
1199900.0
480000.0
2550100.0
670000.0
3400.0
90963.33333333333
140000.0
420000.0
160000.0
620000.0
690000.0
690000.0
49000.0
1030000.0
1010000.0
220000.0
270000.0
1080033.3333333333
210000.0
790266.6666666666
3300.0
310000.0
240000.0
3300.0
610000.0
180000.0
180000.0
280000.0
1339666.6666666667
280000.0
1810400.0
540000.0
260000.0
42996.666666666664
140000.0
260000.0
540000.0
2549866.6666666665
2550000.0
2550133.3333333335
2550266.6666666665
2550000.0
2549700.0
280000.0
120000.0
100000.0
530000.0
520000.0
240000.0
1540166.6666666667
360000.0
2280766.6666666665
1770166.6666666667
660000.0
1789666.6666666667
39996.666666666664
1540133.3333333333
2280766.6666666665
2281066.6666666665
3300.0
59036.666666666664
860000.0
120000.0
710000.0
420000.0
300000.0
799966.6666666666
980033.3333333334
690000.0
310000.0
44003.333333333336
65000.0
1239866.6666666667
1520033.3333333333
25000.0
270000.0
280000.0
2690200.0
2690000.0
65993.33333333333
790266.6666666666
3400.0
420000.0
1080033.3333333333
230000.0
230000.0
410000.0
330000.0
34000.0
220000.0
280000.0
210000.0
140000.0
250000.0
48000.0
61983.333333333336
96083.33333333333
1540133.3333333333
2281766.6666666665
660000.0
320000.0
1239466.6666666667
979966.6666666666
390000.0
390000.0
290000.0
690000.0
240000.0
2069666.6666666667
500000.0
500000.0
700000.0
700000.0
460000.0
2729400.0
370000.0
2160866.6666666665
350000.0
38003.333333333336
909966.6666666666
80993.33333333333
1339700.0
80993.33333333333
460000.0
330000.0
2940300.0
95000.0
3300.0
590000.0
590000.0
220000.0
1540133.3333333333
630000.0
260000.0
460000.0
9600000.0
9600000.0
9600000.0
9600000.0
9600000.0
9600000.0
9600000.0
90003.33333333333
3992200.0
2940000.0
1810033.3333333333
9600000.0
4453000.0
280000.0
620000.0
2641000.0
4319433.333333333
3300.0
76013.33333333333
1810033.3333333333
1539966.6666666667
1539966.6666666667
630000.0
250000.0
190000.0
82993.33333333333
520000.0
9600000.0
4451933.333333333
4453400.0
380000.0
1256800.0
1459933.3333333333
660000.0
9600000.0
1010000.0
1989866.6666666667
220000.0
2550133.3333333335
1339633.3333333333
1059966.6666666667
1458766.6666666667
61056.666666666664
1990033.3333333333
1989400.0
1990000.0
2550000.0
29003.333333333332
2550000.0
2549700.0
42000.0
610000.0
500000.0
2029800.0
400000.0
420000.0
300000.0
29000.0
120000.0
190000.0
140000.0
250000.0
600000.0
100000.0
69993.33333333333
550000.0
680000.0
80006.66666666667
72000.0
96810.0
950000.0
49996.666666666664
810200.0
300000.0
4266133.333333333
2130133.3333333335
280000.0
460000.0
330000.0
96036.66666666667
1749933.3333333333
220000.0
420000.0
370000.0
1839900.0
100000.0
710000.0
160000.0
82993.33333333333
160000.0
640000.0
270000.0
570000.0
150000.0
84976.66666666667
240000.0
26986.666666666668
550000.0
220000.0
160000.0
380000.0
690000.0
690000.0
250000.0
320000.0
260000.0
260000.0
69000.0
2550266.6666666665
48000.0
2549866.6666666665
1810266.6666666667
2160533.3333333335
1811600.0
20990.0
470000.0
300000.0
1199966.6666666667
3300.0
80993.33333333333
460000.0
1020500.0
350000.0
350000.0
9600000.0
9600000.0
9600000.0
9600000.0
9600000.0
2940100.0
9600000.0
3991466.6666666665
370000.0
1539966.6666666667
1539666.6666666667
140000.0
270000.0
490000.0
400000.0
310000.0
620000.0
909966.6666666666
240000.0
38003.333333333336
4452466.666666667
4452600.0
280000.0
270000.0
110000.0
1199800.0
1170100.0
450000.0
1409366.6666666667
1060033.3333333333
3400.0
1458533.3333333333
660000.0
1010000.0
1989700.0
630000.0
160000.0
250000.0
590000.0
590000.0
770000.0
28946.666666666668
100000.0
3300.0
31970.0
1559933.3333333333
1419900.0
1250133.3333333333
610000.0
480000.0
170000.0
510000.0
350000.0
120000.0
120000.0
370000.0
160000.0
110000.0
31963.333333333332
310000.0
490000.0
690000.0
420000.0
420000.0
680000.0
300000.0
1319400.0
62000.0
74993.33333333333
850000.0
81000.0
22000.0
96883.33333333333
46000.0
270000.0
86996.66666666667
63010.0
110000.0
3605.6666666666665
140000.0
96833.33333333333
500000.0
500000.0
1960400.0
1824833.3333333333
72000.0
82000.0
140000.0
520000.0
270000.0
1200000.0
69000.0
300000.0
170000.0
39003.333333333336
590000.0
62980.0
