	公开(公告)日	权利要求数量	文献页数	3年内被引用次数	5年内被引用次数	引用专利数量	被引用专利数量	诉讼案件数	专利价值
公开(公告)日	1.00	0.21	0.17	-0.27	-0.31	-0.05	-0.37	-0.02	-0.12
权利要求数量	0.21	1.00	0.49	0.03	0.02	0.08	0.01	-0.01	0.02
文献页数	0.17	0.49	1.00	0.01	-0.00	0.27	-0.01	-0.01	0.12
3年内被引用次数	-0.27	0.03	0.01	1.00	0.95	-0.02	0.91	0.00	-0.01
5年内被引用次数	-0.31	0.02	-0.00	0.95	1.00	-0.02	0.97	0.00	-0.00
引用专利数量	-0.05	0.08	0.27	-0.02	-0.02	1.00	-0.03	0.01	0.18
被引用专利数量	-0.37	0.01	-0.01	0.91	0.97	-0.03	1.00	0.00	-0.00
诉讼案件数	-0.02	-0.01	-0.01	0.00	0.00	0.01	0.00	1.00	0.01
专利价值	-0.12	0.02	0.12	-0.01	-0.00	0.18	-0.00	0.01	1.00
